1.899999999999999953e-02
1.899999952404857195e-02
1.899999904809715826e-02
1.899999857214575497e-02
1.899999809619436555e-02
1.899999762024298655e-02
1.899999714429161796e-02
1.899999666834026324e-02
1.899999619238891893e-02
1.899999571643758850e-02
1.899999524048626848e-02
1.899999476453496233e-02
1.899999428858366660e-02
1.899999381263238127e-02
1.899999333668110982e-02
1.899999286072984878e-02
1.899999238477860161e-02
1.899999190882736486e-02
1.899999143287614198e-02
1.899999095692492951e-02
1.899999048097372745e-02
1.899999000502253926e-02
1.899998952907136149e-02
1.899998905312019759e-02
1.899998857716904410e-02
1.899998810121790449e-02
1.899998762526677529e-02
1.899998714931565996e-02
1.899998667336455505e-02
1.899998619741346054e-02
1.899998572146237991e-02
1.899998524551130968e-02
1.899998476956025334e-02
1.899998429360920740e-02
1.899998381765817534e-02
1.899998334170715369e-02
1.899998286575614245e-02
1.899998238980514509e-02
1.899998191385415813e-02
1.899998143790318506e-02
1.899998096195222239e-02
1.899998048600127359e-02
1.899998001005033521e-02
1.899997953409941071e-02
1.899997905814849661e-02
1.899997858219759292e-02
1.899997810624670311e-02
1.899997763029582371e-02
1.899997715434495818e-02
1.899997667839410306e-02
1.899997620244326182e-02
1.899997572649243099e-02
1.899997525054161057e-02
1.899997477459080403e-02
1.899997429864000789e-02
1.899997382268922563e-02
1.899997334673845378e-02
1.899997287078769581e-02
1.899997239483694825e-02
1.899997191888621456e-02
1.899997144293549128e-02
1.899997096698477841e-02
1.899997049103407942e-02
1.899997001508339084e-02
1.899996953913271613e-02
1.899996906318205184e-02
1.899996858723140142e-02
1.899996811128076141e-02
1.899996763533013180e-02
1.899996715937951608e-02
1.899996668342891076e-02
1.899996620747831932e-02
1.899996573152773829e-02
1.899996525557717114e-02
1.899996477962661440e-02
1.899996430367606806e-02
1.899996382772553560e-02
1.899996335177501355e-02
1.899996287582450538e-02
1.899996239987400762e-02
1.899996192392352373e-02
1.899996144797305025e-02
1.899996097202259066e-02
1.899996049607214146e-02
1.899996002012170268e-02
1.899995954417127778e-02
1.899995906822086328e-02
1.899995859227046266e-02
1.899995811632007245e-02
1.899995764036969612e-02
1.899995716441933019e-02
1.899995668846897467e-02
1.899995621251863304e-02
1.899995573656830181e-02
1.899995526061798445e-02
1.899995478466767751e-02
1.899995430871738444e-02
1.899995383276710179e-02
1.899995335681683301e-02
1.899995288086657463e-02
1.899995240491632667e-02
1.899995192896609258e-02
1.899995145301586891e-02
1.899995097706565911e-02
1.899995050111545972e-02
1.899995002516527420e-02
1.899994954921509910e-02
1.899994907326493440e-02
1.899994859731478358e-02
1.899994812136464317e-02
1.899994764541451664e-02
1.899994716946440051e-02
1.899994669351429827e-02
1.899994621756420643e-02
1.899994574161412847e-02
1.899994526566406092e-02
1.899994478971400377e-02
1.899994431376396051e-02
1.899994383781392765e-02
1.899994336186390867e-02
1.899994288591390010e-02
1.899994240996390540e-02
1.899994193401392112e-02
1.899994145806394724e-02
1.899994098211398724e-02
1.899994050616403765e-02
1.899994003021410194e-02
1.899993955426417663e-02
1.899993907831426521e-02
1.899993860236436419e-02
1.899993812641447358e-02
1.899993765046459684e-02
1.899993717451473052e-02
1.899993669856487807e-02
1.899993622261503604e-02
1.899993574666520788e-02
1.899993527071539012e-02
1.899993479476558625e-02
1.899993431881579278e-02
1.899993384286600973e-02
1.899993336691624055e-02
1.899993289096648177e-02
1.899993241501673688e-02
1.899993193906700240e-02
1.899993146311728179e-02
1.899993098716757159e-02
1.899993051121787180e-02
1.899993003526818589e-02
1.899992955931851038e-02
1.899992908336884875e-02
1.899992860741919753e-02
1.899992813146956019e-02
1.899992765551993326e-02
1.899992717957032021e-02
1.899992670362071756e-02
1.899992622767112532e-02
1.899992575172154696e-02
1.899992527577197901e-02
1.899992479982242494e-02
1.899992432387288127e-02
1.899992384792335148e-02
1.899992337197383210e-02
1.899992289602432313e-02
1.899992242007482804e-02
1.899992194412534335e-02
1.899992146817587255e-02
1.899992099222641215e-02
1.899992051627696563e-02
1.899992004032752951e-02
1.899991956437810728e-02
1.899991908842869545e-02
1.899991861247929403e-02
1.899991813652990649e-02
1.899991766058052936e-02
1.899991718463116611e-02
1.899991670868181326e-02
1.899991623273247429e-02
1.899991575678314573e-02
1.899991528083382758e-02
1.899991480488452331e-02
1.899991432893522944e-02
1.899991385298594945e-02
1.899991337703667987e-02
1.899991290108742417e-02
1.899991242513817888e-02
1.899991194918894746e-02
1.899991147323972646e-02
1.899991099729051586e-02
1.899991052134131914e-02
1.899991004539213282e-02
1.899990956944296039e-02
1.899990909349379836e-02
1.899990861754465021e-02
1.899990814159551247e-02
1.899990766564638514e-02
1.899990718969727169e-02
1.899990671374816864e-02
1.899990623779907947e-02
1.899990576185000071e-02
1.899990528590093583e-02
1.899990480995188136e-02
1.899990433400283729e-02
1.899990385805380710e-02
1.899990338210478732e-02
1.899990290615578142e-02
1.899990243020678593e-02
1.899990195425780432e-02
1.899990147830883311e-02
1.899990100235987578e-02
1.899990052641092886e-02
1.899990005046199235e-02
1.899989957451306971e-02
1.899989909856415748e-02
1.899989862261525914e-02
1.899989814666637120e-02
1.899989767071749713e-02
1.899989719476863348e-02
1.899989671881978023e-02
1.899989624287094087e-02
1.899989576692211191e-02
1.899989529097329682e-02
1.899989481502449215e-02
1.899989433907570135e-02
1.899989386312692097e-02
1.899989338717815446e-02
1.899989291122939836e-02
1.899989243528065266e-02
1.899989195933192085e-02
1.899989148338319944e-02
1.899989100743449191e-02
1.899989053148579479e-02
1.899989005553711155e-02
1.899988957958843871e-02
1.899988910363977629e-02
1.899988862769112774e-02
1.899988815174248960e-02
1.899988767579386534e-02
1.899988719984525148e-02
1.899988672389665151e-02
1.899988624794806194e-02
1.899988577199948625e-02
1.899988529605092097e-02
1.899988482010236610e-02
1.899988434415382510e-02
1.899988386820529451e-02
1.899988339225677780e-02
1.899988291630827150e-02
1.899988244035977908e-02
1.899988196441129706e-02
1.899988148846282546e-02
1.899988101251436773e-02
1.899988053656592041e-02
1.899988006061748697e-02
1.899987958466906393e-02
1.899987910872065477e-02
1.899987863277225603e-02
1.899987815682386769e-02
1.899987768087549322e-02
1.899987720492712917e-02
1.899987672897877899e-02
1.899987625303043923e-02
1.899987577708211334e-02
1.899987530113379786e-02
1.899987482518549625e-02
1.899987434923720506e-02
1.899987387328892427e-02
1.899987339734065736e-02
1.899987292139240086e-02
1.899987244544415824e-02
1.899987196949592602e-02
1.899987149354770768e-02
1.899987101759949976e-02
1.899987054165130224e-02
1.899987006570311859e-02
1.899986958975494536e-02
1.899986911380678600e-02
1.899986863785863705e-02
1.899986816191050198e-02
1.899986768596237732e-02
1.899986721001426654e-02
1.899986673406616616e-02
1.899986625811807620e-02
1.899986578217000011e-02
1.899986530622193442e-02
1.899986483027388262e-02
1.899986435432584123e-02
1.899986387837781371e-02
1.899986340242979660e-02
1.899986292648178990e-02
1.899986245053379708e-02
1.899986197458581466e-02
1.899986149863784612e-02
1.899986102268988800e-02
1.899986054674194375e-02
1.899986007079400990e-02
1.899985959484608994e-02
1.899985911889818038e-02
1.899985864295028123e-02
1.899985816700239596e-02
1.899985769105452110e-02
1.899985721510666012e-02
1.899985673915880954e-02
1.899985626321097285e-02
1.899985578726314656e-02
1.899985531131533067e-02
1.899985483536752867e-02
1.899985435941973708e-02
1.899985388347195936e-02
1.899985340752419205e-02
1.899985293157643862e-02
1.899985245562869560e-02
1.899985197968096298e-02
1.899985150373324425e-02
1.899985102778553592e-02
1.899985055183784147e-02
1.899985007589015742e-02
1.899984959994248726e-02
1.899984912399482750e-02
1.899984864804718163e-02
1.899984817209954616e-02
1.899984769615192109e-02
1.899984722020430991e-02
1.899984674425670914e-02
1.899984626830912224e-02
1.899984579236154575e-02
1.899984531641398314e-02
1.899984484046643093e-02
1.899984436451888914e-02
1.899984388857136122e-02
1.899984341262384371e-02
1.899984293667634008e-02
1.899984246072884686e-02
1.899984198478136752e-02
1.899984150883389858e-02
1.899984103288644352e-02
1.899984055693899887e-02
1.899984008099156463e-02
1.899983960504414426e-02
1.899983912909673431e-02
1.899983865314933823e-02
1.899983817720195256e-02
1.899983770125458077e-02
1.899983722530721938e-02
1.899983674935986841e-02
1.899983627341253131e-02
1.899983579746520462e-02
1.899983532151789181e-02
1.899983484557058941e-02
1.899983436962330088e-02
1.899983389367602277e-02
1.899983341772875853e-02
1.899983294178150470e-02
1.899983246583426127e-02
1.899983198988703173e-02
1.899983151393981259e-02
1.899983103799260734e-02
1.899983056204541249e-02
1.899983008609823151e-02
1.899982961015106095e-02
1.899982913420390079e-02
1.899982865825675452e-02
1.899982818230961865e-02
1.899982770636249665e-02
1.899982723041538507e-02
1.899982675446828737e-02
1.899982627852120007e-02
1.899982580257412318e-02
1.899982532662706017e-02
1.899982485068000757e-02
1.899982437473296884e-02
1.899982389878594052e-02
1.899982342283892608e-02
1.899982294689192205e-02
1.899982247094493190e-02
1.899982199499795216e-02
1.899982151905098282e-02
1.899982104310402736e-02
1.899982056715708231e-02
1.899982009121015114e-02
1.899981961526323038e-02
1.899981913931632349e-02
1.899981866336942701e-02
1.899981818742254094e-02
1.899981771147566875e-02
1.899981723552880697e-02
1.899981675958195906e-02
1.899981628363512157e-02
1.899981580768829795e-02
1.899981533174148474e-02
1.899981485579468540e-02
1.899981437984789648e-02
1.899981390390111796e-02
1.899981342795435332e-02
1.899981295200759909e-02
1.899981247606085874e-02
1.899981200011412880e-02
1.899981152416741273e-02
1.899981104822070707e-02
1.899981057227401182e-02
1.899981009632733045e-02
1.899980962038065949e-02
1.899980914443400240e-02
1.899980866848735572e-02
1.899980819254072292e-02
1.899980771659410053e-02
1.899980724064749202e-02
1.899980676470089391e-02
1.899980628875430622e-02
1.899980581280773240e-02
1.899980533686116899e-02
1.899980486091461945e-02
1.899980438496808033e-02
1.899980390902155508e-02
1.899980343307504024e-02
1.899980295712853581e-02
1.899980248118204526e-02
1.899980200523556512e-02
1.899980152928909885e-02
1.899980105334264299e-02
1.899980057739620101e-02
1.899980010144976944e-02
1.899979962550335175e-02
1.899979914955694446e-02
1.899979867361054758e-02
1.899979819766416458e-02
1.899979772171779199e-02
1.899979724577143328e-02
1.899979676982508497e-02
1.899979629387875055e-02
1.899979581793242653e-02
1.899979534198611292e-02
1.899979486603981318e-02
1.899979439009352386e-02
1.899979391414724841e-02
1.899979343820098338e-02
1.899979296225473221e-02
1.899979248630849146e-02
1.899979201036226112e-02
1.899979153441604465e-02
1.899979105846983859e-02
1.899979058252364642e-02
1.899979010657746464e-02
1.899978963063129675e-02
1.899978915468513926e-02
1.899978867873899566e-02
1.899978820279286246e-02
1.899978772684673967e-02
1.899978725090063075e-02
1.899978677495453225e-02
1.899978629900844762e-02
1.899978582306237340e-02
1.899978534711631306e-02
1.899978487117026313e-02
1.899978439522422360e-02
1.899978391927819796e-02
1.899978344333218272e-02
1.899978296738618136e-02
1.899978249144019041e-02
1.899978201549421333e-02
1.899978153954824667e-02
1.899978106360229388e-02
1.899978058765635150e-02
1.899978011171041953e-02
1.899977963576450143e-02
1.899977915981859375e-02
1.899977868387269994e-02
1.899977820792681654e-02
1.899977773198094702e-02
1.899977725603508791e-02
1.899977678008923920e-02
1.899977630414340438e-02
1.899977582819757996e-02
1.899977535225176942e-02
1.899977487630596928e-02
1.899977440036018303e-02
1.899977392441440718e-02
1.899977344846864521e-02
1.899977297252289365e-02
1.899977249657715250e-02
1.899977202063142523e-02
1.899977154468570836e-02
1.899977106874000538e-02
1.899977059279431280e-02
1.899977011684863409e-02
1.899976964090296580e-02
1.899976916495730792e-02
1.899976868901166391e-02
1.899976821306603031e-02
1.899976773712041059e-02
1.899976726117480127e-02
1.899976678522920584e-02
1.899976630928362081e-02
1.899976583333804619e-02
1.899976535739248545e-02
1.899976488144693512e-02
1.899976440550139867e-02
1.899976392955587262e-02
1.899976345361036045e-02
1.899976297766485869e-02
1.899976250171937081e-02
1.899976202577389334e-02
1.899976154982842627e-02
1.899976107388297308e-02
1.899976059793753030e-02
1.899976012199210140e-02
1.899975964604668291e-02
1.899975917010127829e-02
1.899975869415588409e-02
1.899975821821050029e-02
1.899975774226513037e-02
1.899975726631977085e-02
1.899975679037442522e-02
1.899975631442908999e-02
1.899975583848376864e-02
1.899975536253845770e-02
1.899975488659316064e-02
1.899975441064787399e-02
1.899975393470259774e-02
1.899975345875733537e-02
1.899975298281208341e-02
1.899975250686684533e-02
1.899975203092161766e-02
1.899975155497640386e-02
1.899975107903120047e-02
1.899975060308600749e-02
1.899975012714082839e-02
1.899974965119565970e-02
1.899974917525050488e-02
1.899974869930536048e-02
1.899974822336022995e-02
1.899974774741510983e-02
1.899974727147000358e-02
1.899974679552490775e-02
1.899974631957982232e-02
1.899974584363475077e-02
1.899974536768968963e-02
1.899974489174464237e-02
1.899974441579960552e-02
1.899974393985458254e-02
1.899974346390956997e-02
1.899974298796456781e-02
1.899974251201957953e-02
1.899974203607460166e-02
1.899974156012963766e-02
1.899974108418468408e-02
1.899974060823974437e-02
1.899974013229481506e-02
1.899973965634989617e-02
1.899973918040499116e-02
1.899973870446009655e-02
1.899973822851521582e-02
1.899973775257034550e-02
1.899973727662548906e-02
1.899973680068064302e-02
1.899973632473581087e-02
1.899973584879098912e-02
1.899973537284617778e-02
1.899973489690138032e-02
1.899973442095659326e-02
1.899973394501182009e-02
1.899973346906705732e-02
1.899973299312230843e-02
1.899973251717756995e-02
1.899973204123284187e-02
1.899973156528812768e-02
1.899973108934342389e-02
1.899973061339873398e-02
1.899973013745405448e-02
1.899972966150938886e-02
1.899972918556473364e-02
1.899972870962009230e-02
1.899972823367546138e-02
1.899972775773084085e-02
1.899972728178623421e-02
1.899972680584163798e-02
1.899972632989705562e-02
1.899972585395248367e-02
1.899972537800792560e-02
1.899972490206337794e-02
1.899972442611884069e-02
1.899972395017431731e-02
1.899972347422980434e-02
1.899972299828530525e-02
1.899972252234081657e-02
1.899972204639634177e-02
1.899972157045187737e-02
1.899972109450742686e-02
1.899972061856298675e-02
1.899972014261855704e-02
1.899971966667414122e-02
1.899971919072973581e-02
1.899971871478534427e-02
1.899971823884096314e-02
1.899971776289659589e-02
1.899971728695223905e-02
1.899971681100789261e-02
1.899971633506356006e-02
1.899971585911923791e-02
1.899971538317492964e-02
1.899971490723063178e-02
1.899971443128634779e-02
1.899971395534207422e-02
1.899971347939781105e-02
1.899971300345356176e-02
1.899971252750932288e-02
1.899971205156509788e-02
1.899971157562088328e-02
1.899971109967668256e-02
1.899971062373249225e-02
1.899971014778831582e-02
1.899970967184414980e-02
1.899970919589999419e-02
1.899970871995585245e-02
1.899970824401172112e-02
1.899970776806760367e-02
1.899970729212349663e-02
1.899970681617940346e-02
1.899970634023532071e-02
1.899970586429124836e-02
1.899970538834718989e-02
1.899970491240314183e-02
1.899970443645910764e-02
1.899970396051508387e-02
1.899970348457107397e-02
1.899970300862707448e-02
1.899970253268308887e-02
1.899970205673911366e-02
1.899970158079514887e-02
1.899970110485119795e-02
1.899970062890725744e-02
1.899970015296333081e-02
1.899969967701941459e-02
1.899969920107551224e-02
1.899969872513162031e-02
1.899969824918773878e-02
1.899969777324387113e-02
1.899969729730001389e-02
1.899969682135617052e-02
1.899969634541233757e-02
1.899969586946851849e-02
1.899969539352470982e-02
1.899969491758091503e-02
1.899969444163713064e-02
1.899969396569335667e-02
1.899969348974959657e-02
1.899969301380584688e-02
1.899969253786211107e-02
1.899969206191838567e-02
1.899969158597467414e-02
1.899969111003097302e-02
1.899969063408728231e-02
1.899969015814360548e-02
1.899968968219993906e-02
1.899968920625628652e-02
1.899968873031264438e-02
1.899968825436901612e-02
1.899968777842539827e-02
1.899968730248179083e-02
1.899968682653819727e-02
1.899968635059461411e-02
1.899968587465104483e-02
1.899968539870748596e-02
1.899968492276394097e-02
1.899968444682040639e-02
1.899968397087688568e-02
1.899968349493337538e-02
1.899968301898987549e-02
1.899968254304638948e-02
1.899968206710291388e-02
1.899968159115945215e-02
1.899968111521600084e-02
1.899968063927256340e-02
1.899968016332913637e-02
1.899967968738571975e-02
1.899967921144231700e-02
1.899967873549892466e-02
1.899967825955554621e-02
1.899967778361217816e-02
1.899967730766882398e-02
1.899967683172548022e-02
1.899967635578215033e-02
1.899967587983883086e-02
1.899967540389552179e-02
1.899967492795222659e-02
1.899967445200894181e-02
1.899967397606567091e-02
1.899967350012241041e-02
1.899967302417916379e-02
1.899967254823592758e-02
1.899967207229270177e-02
1.899967159634948985e-02
1.899967112040628833e-02
1.899967064446310069e-02
1.899967016851992346e-02
1.899966969257676011e-02
1.899966921663360717e-02
1.899966874069046810e-02
1.899966826474733944e-02
1.899966778880422119e-02
1.899966731286111682e-02
1.899966683691802286e-02
1.899966636097494277e-02
1.899966588503187309e-02
1.899966540908881729e-02
1.899966493314577190e-02
1.899966445720273692e-02
1.899966398125971581e-02
1.899966350531670511e-02
1.899966302937370830e-02
1.899966255343072188e-02
1.899966207748774935e-02
1.899966160154478723e-02
1.899966112560183551e-02
1.899966064965889767e-02
1.899966017371597024e-02
1.899965969777305669e-02
1.899965922183015354e-02
1.899965874588726428e-02
1.899965826994438542e-02
1.899965779400152044e-02
1.899965731805866587e-02
1.899965684211582170e-02
1.899965636617299142e-02
1.899965589023017154e-02
1.899965541428736554e-02
1.899965493834456995e-02
1.899965446240178824e-02
1.899965398645901693e-02
1.899965351051625603e-02
1.899965303457350901e-02
1.899965255863077240e-02
1.899965208268804967e-02
1.899965160674533735e-02
1.899965113080263890e-02
1.899965065485995086e-02
1.899965017891727670e-02
1.899964970297461295e-02
1.899964922703195960e-02
1.899964875108932014e-02
1.899964827514669108e-02
1.899964779920407590e-02
1.899964732326147113e-02
1.899964684731888023e-02
1.899964637137629975e-02
1.899964589543372967e-02
1.899964541949117347e-02
1.899964494354862768e-02
1.899964446760609577e-02
1.899964399166357426e-02
1.899964351572106663e-02
1.899964303977856941e-02
1.899964256383608607e-02
1.899964208789361314e-02
1.899964161195115062e-02
1.899964113600870197e-02
1.899964066006626373e-02
1.899964018412383937e-02
1.899963970818142542e-02
1.899963923223902534e-02
1.899963875629663568e-02
1.899963828035425642e-02
1.899963780441189104e-02
1.899963732846953607e-02
1.899963685252719497e-02
1.899963637658486429e-02
1.899963590064254748e-02
1.899963542470024108e-02
1.899963494875794509e-02
1.899963447281566298e-02
1.899963399687339127e-02
1.899963352093113345e-02
1.899963304498888603e-02
1.899963256904665249e-02
1.899963209310442935e-02
1.899963161716222010e-02
1.899963114122002125e-02
1.899963066527783281e-02
1.899963018933565825e-02
1.899962971339349410e-02
1.899962923745134383e-02
1.899962876150920396e-02
1.899962828556707797e-02
1.899962780962496239e-02
1.899962733368285722e-02
1.899962685774076593e-02
1.899962638179868504e-02
1.899962590585661804e-02
1.899962542991456144e-02
1.899962495397251871e-02
1.899962447803048640e-02
1.899962400208846797e-02
1.899962352614645994e-02
1.899962305020446232e-02
1.899962257426247858e-02
1.899962209832050525e-02
1.899962162237854579e-02
1.899962114643659675e-02
1.899962067049466158e-02
1.899962019455273682e-02
1.899961971861082247e-02
1.899961924266892199e-02
1.899961876672703193e-02
1.899961829078515574e-02
1.899961781484328996e-02
1.899961733890143806e-02
1.899961686295959656e-02
1.899961638701776895e-02
1.899961591107595174e-02
1.899961543513414494e-02
1.899961495919235202e-02
1.899961448325056951e-02
1.899961400730880087e-02
1.899961353136704265e-02
1.899961305542529830e-02
1.899961257948356436e-02
1.899961210354184082e-02
1.899961162760013117e-02
1.899961115165843192e-02
1.899961067571674656e-02
1.899961019977507160e-02
1.899960972383341051e-02
1.899960924789175984e-02
1.899960877195011957e-02
1.899960829600849319e-02
1.899960782006687721e-02
1.899960734412527510e-02
1.899960686818368341e-02
1.899960639224210560e-02
1.899960591630053819e-02
1.899960544035898466e-02
1.899960496441744154e-02
1.899960448847590883e-02
1.899960401253438999e-02
1.899960353659288156e-02
1.899960306065138702e-02
1.899960258470990287e-02
1.899960210876843261e-02
1.899960163282697276e-02
1.899960115688552331e-02
1.899960068094408774e-02
1.899960020500266258e-02
1.899959972906125130e-02
1.899959925311985043e-02
1.899959877717846343e-02
1.899959830123708684e-02
1.899959782529572414e-02
1.899959734935437183e-02
1.899959687341302994e-02
1.899959639747170193e-02
1.899959592153038432e-02
1.899959544558908059e-02
1.899959496964778727e-02
1.899959449370650783e-02
1.899959401776523879e-02
1.899959354182398016e-02
1.899959306588273542e-02
1.899959258994150108e-02
1.899959211400028061e-02
1.899959163805907056e-02
1.899959116211787438e-02
1.899959068617668861e-02
1.899959021023551672e-02
1.899958973429435524e-02
1.899958925835320417e-02
1.899958878241206697e-02
1.899958830647094019e-02
1.899958783052982728e-02
1.899958735458872477e-02
1.899958687864763615e-02
1.899958640270655794e-02
1.899958592676549013e-02
1.899958545082443620e-02
1.899958497488339268e-02
1.899958449894236304e-02
1.899958402300134380e-02
1.899958354706033845e-02
1.899958307111934350e-02
1.899958259517836243e-02
1.899958211923739176e-02
1.899958164329643151e-02
1.899958116735548513e-02
1.899958069141454917e-02
1.899958021547362708e-02
1.899957973953271539e-02
1.899957926359181759e-02
1.899957878765093020e-02
1.899957831171005321e-02
1.899957783576919010e-02
1.899957735982833740e-02
1.899957688388749857e-02
1.899957640794667016e-02
1.899957593200585562e-02
1.899957545606505149e-02
1.899957498012425777e-02
1.899957450418347793e-02
1.899957402824270850e-02
1.899957355230195294e-02
1.899957307636120779e-02
1.899957260042047652e-02
1.899957212447975566e-02
1.899957164853904867e-02
1.899957117259835210e-02
1.899957069665766593e-02
1.899957022071699364e-02
1.899956974477633176e-02
1.899956926883568376e-02
1.899956879289504616e-02
1.899956831695442244e-02
1.899956784101380913e-02
1.899956736507320623e-02
1.899956688913261721e-02
1.899956641319203859e-02
1.899956593725147386e-02
1.899956546131091953e-02
1.899956498537037908e-02
1.899956450942984904e-02
1.899956403348933287e-02
1.899956355754882711e-02
1.899956308160833177e-02
1.899956260566785030e-02
1.899956212972737923e-02
1.899956165378692205e-02
1.899956117784647527e-02
1.899956070190604238e-02
1.899956022596561989e-02
1.899955975002520780e-02
1.899955927408480960e-02
1.899955879814442181e-02
1.899955832220404789e-02
1.899955784626368438e-02
1.899955737032333475e-02
1.899955689438299553e-02
1.899955641844267018e-02
1.899955594250235524e-02
1.899955546656205072e-02
1.899955499062176006e-02
1.899955451468147982e-02
1.899955403874121346e-02
1.899955356280095750e-02
1.899955308686071542e-02
1.899955261092048375e-02
1.899955213498026249e-02
1.899955165904005511e-02
1.899955118309985813e-02
1.899955070715967503e-02
1.899955023121950234e-02
1.899954975527934353e-02
1.899954927933919513e-02
1.899954880339905713e-02
1.899954832745893302e-02
1.899954785151881931e-02
1.899954737557871948e-02
1.899954689963863005e-02
1.899954642369855451e-02
1.899954594775848937e-02
1.899954547181843811e-02
1.899954499587839726e-02
1.899954451993836682e-02
1.899954404399835026e-02
1.899954356805834410e-02
1.899954309211835182e-02
1.899954261617836995e-02
1.899954214023840196e-02
1.899954166429844438e-02
1.899954118835849720e-02
1.899954071241856390e-02
1.899954023647864101e-02
1.899953976053873200e-02
1.899953928459883340e-02
1.899953880865894867e-02
1.899953833271907436e-02
1.899953785677921392e-02
1.899953738083936389e-02
1.899953690489952426e-02
1.899953642895969852e-02
1.899953595301988318e-02
1.899953547708008172e-02
1.899953500114029067e-02
1.899953452520051350e-02
1.899953404926074674e-02
1.899953357332099038e-02
1.899953309738124790e-02
1.899953262144151583e-02
1.899953214550179764e-02
1.899953166956208986e-02
1.899953119362239595e-02
1.899953071768271246e-02
1.899953024174304284e-02
1.899952976580338362e-02
1.899952928986373482e-02
1.899952881392409990e-02
1.899952833798447538e-02
1.899952786204486474e-02
1.899952738610526451e-02
1.899952691016567816e-02
1.899952643422610221e-02
1.899952595828653668e-02
1.899952548234698502e-02
1.899952500640744377e-02
1.899952453046791639e-02
