1.899999999999999996e-03
1.899999952404857325e-03
1.899999904809715956e-03
1.899999857214575670e-03
1.899999809619436686e-03
1.899999762024298785e-03
1.899999714429161969e-03
1.899999666834026454e-03
1.899999619238892023e-03
1.899999571643758893e-03
1.899999524048626848e-03
1.899999476453496320e-03
1.899999428858366660e-03
1.899999381263238300e-03
1.899999333668111025e-03
1.899999286072985051e-03
1.899999238477860161e-03
1.899999190882736572e-03
1.899999143287614285e-03
1.899999095692493081e-03
1.899999048097372745e-03
1.899999000502253926e-03
1.899998952907136192e-03
1.899998905312019759e-03
1.899998857716904410e-03
1.899998810121790579e-03
1.899998762526677615e-03
1.899998714931566170e-03
1.899998667336455591e-03
1.899998619741346097e-03
1.899998572146238121e-03
1.899998524551131012e-03
1.899998476956025421e-03
1.899998429360920914e-03
1.899998381765817708e-03
1.899998334170715369e-03
1.899998286575614332e-03
1.899998238980514596e-03
1.899998191385415943e-03
1.899998143790318592e-03
1.899998096195222325e-03
1.899998048600127359e-03
1.899998001005033695e-03
1.899997953409941114e-03
1.899997905814849834e-03
1.899997858219759422e-03
1.899997810624670311e-03
1.899997763029582501e-03
1.899997715434495991e-03
1.899997667839410350e-03
1.899997620244326226e-03
1.899997572649243186e-03
1.899997525054161231e-03
1.899997477459080576e-03
1.899997429864000789e-03
1.899997382268922737e-03
1.899997334673845552e-03
1.899997287078769668e-03
1.899997239483694868e-03
1.899997191888621586e-03
1.899997144293549172e-03
1.899997096698477841e-03
1.899997049103408029e-03
1.899997001508339084e-03
1.899996953913271657e-03
1.899996906318205314e-03
1.899996858723140272e-03
1.899996811128076314e-03
1.899996763533013224e-03
1.899996715937951651e-03
1.899996668342891163e-03
1.899996620747831976e-03
1.899996573152773873e-03
1.899996525557717288e-03
1.899996477962661570e-03
1.899996430367606936e-03
1.899996382772553604e-03
1.899996335177501355e-03
1.899996287582450625e-03
1.899996239987400762e-03
1.899996192392352417e-03
1.899996144797305156e-03
1.899996097202259196e-03
1.899996049607214320e-03
1.899996002012170311e-03
1.899995954417127821e-03
1.899995906822086415e-03
1.899995859227046309e-03
1.899995811632007288e-03
1.899995764036969785e-03
1.899995716441933149e-03
1.899995668846897598e-03
1.899995621251863347e-03
1.899995573656830181e-03
1.899995526061798532e-03
1.899995478466767751e-03
1.899995430871738488e-03
1.899995383276710309e-03
1.899995335681683431e-03
1.899995288086657637e-03
1.899995240491632710e-03
1.899995192896609302e-03
1.899995145301586977e-03
1.899995097706565954e-03
1.899995050111546015e-03
1.899995002516527594e-03
1.899994954921510040e-03
1.899994907326493570e-03
1.899994859731478402e-03
1.899994812136464317e-03
1.899994764541451751e-03
1.899994716946440051e-03
1.899994669351429870e-03
1.899994621756420773e-03
1.899994574161412977e-03
1.899994526566406265e-03
1.899994478971400421e-03
1.899994431376396094e-03
1.899994383781392852e-03
1.899994336186390910e-03
1.899994288591390053e-03
1.899994240996390714e-03
1.899994193401392242e-03
1.899994145806394854e-03
1.899994098211398768e-03
1.899994050616403765e-03
1.899994003021410281e-03
1.899993955426417663e-03
1.899993907831426564e-03
1.899993860236436549e-03
1.899993812641447401e-03
1.899993765046459771e-03
1.899993717451473225e-03
1.899993669856487981e-03
1.899993622261503604e-03
1.899993574666520961e-03
1.899993527071539186e-03
1.899993479476558712e-03
1.899993431881579322e-03
1.899993384286601016e-03
1.899993336691624228e-03
1.899993289096648308e-03
1.899993241501673688e-03
1.899993193906700370e-03
1.899993146311728352e-03
1.899993098716757202e-03
1.899993051121787353e-03
1.899993003526818589e-03
1.899992955931851125e-03
1.899992908336884962e-03
1.899992860741919884e-03
1.899992813146956106e-03
1.899992765551993413e-03
1.899992717957032021e-03
1.899992670362071930e-03
1.899992622767112706e-03
1.899992575172154783e-03
1.899992527577197944e-03
1.899992479982242624e-03
1.899992432387288170e-03
1.899992384792335235e-03
1.899992337197383384e-03
1.899992289602432400e-03
1.899992242007482934e-03
1.899992194412534335e-03
1.899992146817587255e-03
1.899992099222641258e-03
1.899992051627696563e-03
1.899992004032752951e-03
1.899991956437810858e-03
1.899991908842869632e-03
1.899991861247929490e-03
1.899991813652990649e-03
1.899991766058053110e-03
1.899991718463116654e-03
1.899991670868181499e-03
1.899991623273247429e-03
1.899991575678314660e-03
1.899991528083382758e-03
1.899991480488452374e-03
1.899991432893523074e-03
1.899991385298595075e-03
1.899991337703668161e-03
1.899991290108742547e-03
1.899991242513818018e-03
1.899991194918894790e-03
1.899991147323972646e-03
1.899991099729051586e-03
1.899991052134132044e-03
1.899991004539213369e-03
1.899990956944296212e-03
1.899990909349379923e-03
1.899990861754465151e-03
1.899990814159551247e-03
1.899990766564638644e-03
1.899990718969727342e-03
1.899990671374816907e-03
1.899990623779907991e-03
1.899990576185000158e-03
1.899990528590093626e-03
1.899990480995188179e-03
1.899990433400283816e-03
1.899990385805380754e-03
1.899990338210478776e-03
1.899990290615578316e-03
1.899990243020678723e-03
1.899990195425780432e-03
1.899990147830883441e-03
1.899990100235987751e-03
1.899990052641092929e-03
1.899990005046199408e-03
1.899989957451306971e-03
1.899989909856415835e-03
1.899989862261526000e-03
1.899989814666637250e-03
1.899989767071749800e-03
1.899989719476863435e-03
1.899989671881978153e-03
1.899989624287094173e-03
1.899989576692211277e-03
1.899989529097329682e-03
1.899989481502449389e-03
1.899989433907570179e-03
1.899989386312692270e-03
1.899989338717815446e-03
1.899989291122939922e-03
1.899989243528065266e-03
1.899989195933192128e-03
1.899989148338320074e-03
1.899989100743449321e-03
1.899989053148579653e-03
1.899989005553711285e-03
1.899988957958844002e-03
1.899988910363977802e-03
1.899988862769112904e-03
1.899988815174249090e-03
1.899988767579386577e-03
1.899988719984525148e-03
1.899988672389665238e-03
1.899988624794806194e-03
1.899988577199948668e-03
1.899988529605092227e-03
1.899988482010236653e-03
1.899988434415382597e-03
1.899988386820529625e-03
1.899988339225677954e-03
1.899988291630827150e-03
1.899988244035978081e-03
1.899988196441129880e-03
1.899988148846282546e-03
1.899988101251436946e-03
1.899988053656592214e-03
1.899988006061748783e-03
1.899987958466906436e-03
1.899987910872065608e-03
1.899987863277225646e-03
1.899987815682386769e-03
1.899987768087549409e-03
1.899987720492712917e-03
1.899987672897877943e-03
1.899987625303044053e-03
1.899987577708211464e-03
1.899987530113379959e-03
1.899987482518549755e-03
1.899987434923720636e-03
1.899987387328892600e-03
1.899987339734065866e-03
1.899987292139240216e-03
1.899987244544415867e-03
1.899987196949592602e-03
1.899987149354770855e-03
1.899987101759949976e-03
1.899987054165130397e-03
1.899987006570311903e-03
1.899986958975494709e-03
1.899986911380678600e-03
1.899986863785863792e-03
1.899986816191050285e-03
1.899986768596237862e-03
1.899986721001426741e-03
1.899986673406616703e-03
1.899986625811807750e-03
1.899986578217000097e-03
1.899986530622193529e-03
1.899986483027388262e-03
1.899986435432584296e-03
1.899986387837781414e-03
1.899986340242979833e-03
1.899986292648179120e-03
1.899986245053379708e-03
1.899986197458581596e-03
1.899986149863784786e-03
1.899986102268988843e-03
1.899986054674194418e-03
1.899986007079401077e-03
1.899985959484609037e-03
1.899985911889818082e-03
1.899985864295028210e-03
1.899985816700239640e-03
1.899985769105452154e-03
1.899985721510666185e-03
1.899985673915881084e-03
1.899985626321097285e-03
1.899985578726314786e-03
1.899985531131533154e-03
1.899985483536753041e-03
1.899985435941973794e-03
1.899985388347196066e-03
1.899985340752419205e-03
1.899985293157643862e-03
1.899985245562869603e-03
1.899985197968096428e-03
1.899985150373324555e-03
1.899985102778553765e-03
1.899985055183784277e-03
1.899985007589015873e-03
1.899984959994248769e-03
1.899984912399482750e-03
1.899984864804718249e-03
1.899984817209954616e-03
1.899984769615192283e-03
1.899984722020431034e-03
1.899984674425671087e-03
1.899984626830912224e-03
1.899984579236154662e-03
1.899984531641398400e-03
1.899984484046643224e-03
1.899984436451888914e-03
1.899984388857136122e-03
1.899984341262384415e-03
1.899984293667634008e-03
1.899984246072884686e-03
1.899984198478136882e-03
1.899984150883389945e-03
1.899984103288644526e-03
1.899984055693899974e-03
1.899984008099156506e-03
1.899983960504414556e-03
1.899983912909673474e-03
1.899983865314933910e-03
1.899983817720195430e-03
1.899983770125458250e-03
1.899983722530721938e-03
1.899983674935986928e-03
1.899983627341253218e-03
1.899983579746520592e-03
1.899983532151789268e-03
1.899983484557059028e-03
1.899983436962330088e-03
1.899983389367602450e-03
1.899983341772875896e-03
1.899983294178150643e-03
1.899983246583426258e-03
1.899983198988703173e-03
1.899983151393981389e-03
1.899983103799260907e-03
1.899983056204541292e-03
1.899983008609823195e-03
1.899982961015106182e-03
1.899982913420390253e-03
1.899982865825675625e-03
1.899982818230961865e-03
1.899982770636249839e-03
1.899982723041538681e-03
1.899982675446828823e-03
1.899982627852120050e-03
1.899982580257412361e-03
1.899982532662706190e-03
1.899982485068000887e-03
1.899982437473296884e-03
1.899982389878594182e-03
1.899982342283892782e-03
1.899982294689192249e-03
1.899982247094493234e-03
1.899982199499795302e-03
1.899982151905098456e-03
1.899982104310402910e-03
1.899982056715708231e-03
1.899982009121015288e-03
1.899981961526323211e-03
1.899981913931632436e-03
1.899981866336942745e-03
1.899981818742254138e-03
1.899981771147567049e-03
1.899981723552880827e-03
1.899981675958195906e-03
1.899981628363512287e-03
1.899981580768829968e-03
1.899981533174148517e-03
1.899981485579468584e-03
1.899981437984789735e-03
1.899981390390111970e-03
1.899981342795435506e-03
1.899981295200759909e-03
1.899981247606086047e-03
1.899981200011413053e-03
1.899981152416741360e-03
1.899981104822070751e-03
1.899981057227401226e-03
1.899981009632733218e-03
1.899980962038066079e-03
1.899980914443400240e-03
1.899980866848735702e-03
1.899980819254072466e-03
1.899980771659410097e-03
1.899980724064749245e-03
1.899980676470089478e-03
1.899980628875430795e-03
1.899980581280773413e-03
1.899980533686116899e-03
1.899980486091462119e-03
1.899980438496808206e-03
1.899980390902155595e-03
1.899980343307504068e-03
1.899980295712853625e-03
1.899980248118204700e-03
1.899980200523556642e-03
1.899980152928909885e-03
1.899980105334264429e-03
1.899980057739620275e-03
1.899980010144976987e-03
1.899979962550335218e-03
1.899979914955694533e-03
1.899979867361054932e-03
1.899979819766416632e-03
1.899979772171779199e-03
1.899979724577143501e-03
1.899979676982508671e-03
1.899979629387875141e-03
1.899979581793242696e-03
1.899979534198611335e-03
1.899979486603981492e-03
1.899979439009352516e-03
1.899979391414724841e-03
1.899979343820098468e-03
1.899979296225473395e-03
1.899979248630849190e-03
1.899979201036226285e-03
1.899979153441604465e-03
1.899979105846983946e-03
1.899979058252364728e-03
1.899979010657746594e-03
1.899978963063129762e-03
1.899978915468514013e-03
1.899978867873899566e-03
1.899978820279286419e-03
1.899978772684674140e-03
1.899978725090063162e-03
1.899978677495453268e-03
1.899978629900844892e-03
1.899978582306237384e-03
1.899978534711631393e-03
1.899978487117026486e-03
1.899978439522422447e-03
1.899978391927819926e-03
1.899978344333218272e-03
1.899978296738618136e-03
1.899978249144019084e-03
1.899978201549421333e-03
1.899978153954824667e-03
1.899978106360229518e-03
1.899978058765635237e-03
1.899978011171042040e-03
1.899977963576450143e-03
1.899977915981859548e-03
1.899977868387270038e-03
1.899977820792681828e-03
1.899977773198094702e-03
1.899977725603508878e-03
1.899977678008923920e-03
1.899977630414340481e-03
1.899977582819758126e-03
1.899977535225177072e-03
1.899977487630597102e-03
1.899977440036018433e-03
1.899977392441440848e-03
1.899977344846864565e-03
1.899977297252289365e-03
1.899977249657715250e-03
1.899977202063142653e-03
1.899977154468570923e-03
1.899977106874000711e-03
1.899977059279431366e-03
1.899977011684863539e-03
1.899976964090296580e-03
1.899976916495730922e-03
1.899976868901166564e-03
1.899976821306603074e-03
1.899976773712041102e-03
1.899976726117480214e-03
1.899976678522920627e-03
1.899976630928362125e-03
1.899976583333804706e-03
1.899976535739248589e-03
1.899976488144693556e-03
1.899976440550140040e-03
1.899976392955587392e-03
1.899976345361036045e-03
1.899976297766485999e-03
1.899976250171937255e-03
1.899976202577389377e-03
1.899976154982842801e-03
1.899976107388297308e-03
1.899976059793753117e-03
1.899976012199210227e-03
1.899975964604668421e-03
1.899975917010127916e-03
1.899975869415588495e-03
1.899975821821050159e-03
1.899975774226513123e-03
1.899975726631977172e-03
1.899975679037442522e-03
1.899975631442909173e-03
1.899975583848376908e-03
1.899975536253845944e-03
1.899975488659316064e-03
1.899975441064787485e-03
1.899975393470259774e-03
1.899975345875733581e-03
1.899975298281208471e-03
1.899975250686684663e-03
1.899975203092161939e-03
1.899975155497640516e-03
1.899975107903120177e-03
1.899975060308600923e-03
1.899975012714082969e-03
1.899974965119566100e-03
1.899974917525050532e-03
1.899974869930536048e-03
1.899974822336023082e-03
1.899974774741510983e-03
1.899974727147000402e-03
1.899974679552490905e-03
1.899974631957982276e-03
1.899974584363475164e-03
1.899974536768969137e-03
1.899974489174464411e-03
1.899974441579960552e-03
1.899974393985458428e-03
1.899974346390957171e-03
1.899974298796456781e-03
1.899974251201958127e-03
1.899974203607460339e-03
1.899974156012963853e-03
1.899974108418468451e-03
1.899974060823974567e-03
1.899974013229481550e-03
1.899973965634989617e-03
1.899973918040499202e-03
1.899973870446009655e-03
1.899973822851521625e-03
1.899973775257034680e-03
1.899973727662549036e-03
1.899973680068064476e-03
1.899973632473581217e-03
1.899973584879099042e-03
1.899973537284617951e-03
1.899973489690138162e-03
1.899973442095659456e-03
1.899973394501182052e-03
1.899973346906705732e-03
1.899973299312230929e-03
1.899973251717756995e-03
1.899973204123284361e-03
1.899973156528812811e-03
1.899973108934342562e-03
1.899973061339873398e-03
1.899973013745405535e-03
1.899972966150938972e-03
1.899972918556473494e-03
1.899972870962009317e-03
1.899972823367546224e-03
1.899972775773084216e-03
1.899972728178623508e-03
1.899972680584163885e-03
1.899972632989705562e-03
1.899972585395248541e-03
1.899972537800792604e-03
1.899972490206337968e-03
1.899972442611884199e-03
1.899972395017431731e-03
1.899972347422980564e-03
1.899972299828530699e-03
1.899972252234081701e-03
1.899972204639634220e-03
1.899972157045187824e-03
1.899972109450742729e-03
1.899972061856298718e-03
1.899972014261855791e-03
1.899971966667414166e-03
1.899971919072973624e-03
1.899971871478534600e-03
1.899971823884096444e-03
1.899971776289659589e-03
1.899971728695224035e-03
1.899971681100789348e-03
1.899971633506356179e-03
1.899971585911923878e-03
1.899971538317493094e-03
1.899971490723063178e-03
1.899971443128634779e-03
1.899971395534207465e-03
1.899971347939781235e-03
1.899971300345356306e-03
1.899971252750932461e-03
1.899971205156509918e-03
1.899971157562088458e-03
1.899971109967668300e-03
1.899971062373249225e-03
1.899971014778831669e-03
1.899970967184414980e-03
1.899970919589999592e-03
1.899970871995585288e-03
1.899970824401172285e-03
1.899970776806760367e-03
1.899970729212349749e-03
1.899970681617940433e-03
1.899970634023532201e-03
1.899970586429124836e-03
1.899970538834718989e-03
1.899970491240314226e-03
1.899970443645910764e-03
1.899970396051508387e-03
1.899970348457107527e-03
1.899970300862707535e-03
1.899970253268309060e-03
1.899970205673911453e-03
1.899970158079514930e-03
1.899970110485119925e-03
1.899970062890725788e-03
1.899970015296333168e-03
1.899969967701941632e-03
1.899969920107551398e-03
1.899969872513162031e-03
1.899969824918773965e-03
1.899969777324387200e-03
1.899969729730001519e-03
1.899969682135617139e-03
1.899969634541233843e-03
1.899969586946851849e-03
1.899969539352471155e-03
1.899969491758091546e-03
1.899969444163713238e-03
1.899969396569335797e-03
1.899969348974959657e-03
1.899969301380584818e-03
1.899969253786211280e-03
1.899969206191838610e-03
1.899969158597467457e-03
1.899969111003097389e-03
1.899969063408728405e-03
1.899969015814360722e-03
1.899968968219993906e-03
1.899968920625628825e-03
1.899968873031264611e-03
1.899968825436901699e-03
1.899968777842539870e-03
1.899968730248179126e-03
1.899968682653819900e-03
1.899968635059461541e-03
1.899968587465104483e-03
1.899968539870748726e-03
1.899968492276394270e-03
1.899968444682040682e-03
1.899968397087688611e-03
1.899968349493337625e-03
1.899968301898987723e-03
1.899968254304639122e-03
1.899968206710291388e-03
1.899968159115945389e-03
1.899968111521600257e-03
1.899968063927256427e-03
1.899968016332913680e-03
1.899967968738572018e-03
1.899967921144231874e-03
1.899967873549892597e-03
1.899967825955554621e-03
1.899967778361217946e-03
1.899967730766882572e-03
1.899967683172548065e-03
1.899967635578215077e-03
1.899967587983883172e-03
1.899967540389552352e-03
1.899967492795222833e-03
1.899967445200894181e-03
1.899967397606567264e-03
1.899967350012241214e-03
1.899967302417916466e-03
1.899967254823592801e-03
1.899967207229270221e-03
1.899967159634949158e-03
1.899967112040628963e-03
1.899967064446310069e-03
1.899967016851992476e-03
1.899966969257676185e-03
1.899966921663360760e-03
1.899966874069046853e-03
1.899966826474734031e-03
1.899966778880422293e-03
1.899966731286111855e-03
1.899966683691802286e-03
1.899966636097494450e-03
1.899966588503187483e-03
1.899966540908881816e-03
1.899966493314577233e-03
1.899966445720273735e-03
1.899966398125971755e-03
1.899966350531670642e-03
1.899966302937370830e-03
1.899966255343072319e-03
1.899966207748775109e-03
1.899966160154478766e-03
1.899966112560183724e-03
1.899966064965889767e-03
1.899966017371597111e-03
1.899965969777305756e-03
1.899965922183015484e-03
1.899965874588726514e-03
1.899965826994438629e-03
1.899965779400152044e-03
1.899965731805866760e-03
1.899965684211582344e-03
1.899965636617299228e-03
1.899965589023017197e-03
1.899965541428736684e-03
1.899965493834457038e-03
1.899965446240178910e-03
1.899965398645901866e-03
1.899965351051625690e-03
1.899965303457351031e-03
1.899965255863077240e-03
1.899965208268804967e-03
1.899965160674533778e-03
1.899965113080263890e-03
1.899965065485995086e-03
1.899965017891727800e-03
1.899964970297461381e-03
1.899964922703196047e-03
1.899964875108932014e-03
1.899964827514669281e-03
1.899964779920407633e-03
1.899964732326147286e-03
1.899964684731888023e-03
1.899964637137630061e-03
1.899964589543372967e-03
1.899964541949117390e-03
1.899964494354862898e-03
1.899964446760609707e-03
1.899964399166357600e-03
1.899964351572106793e-03
1.899964303977857072e-03
1.899964256383608651e-03
1.899964208789361314e-03
1.899964161195115062e-03
1.899964113600870327e-03
1.899964066006626460e-03
1.899964018412384111e-03
1.899963970818142629e-03
1.899963923223902664e-03
1.899963875629663568e-03
1.899963828035425772e-03
1.899963780441189277e-03
1.899963732846953650e-03
1.899963685252719541e-03
1.899963637658486516e-03
1.899963590064254792e-03
1.899963542470024152e-03
1.899963494875794596e-03
1.899963447281566341e-03
1.899963399687339171e-03
1.899963352093113518e-03
1.899963304498888733e-03
1.899963256904665249e-03
1.899963209310443065e-03
1.899963161716222183e-03
1.899963114122002169e-03
1.899963066527783455e-03
1.899963018933565825e-03
1.899962971339349497e-03
1.899962923745134469e-03
1.899962876150920526e-03
1.899962828556707884e-03
1.899962780962496326e-03
1.899962733368285852e-03
1.899962685774076680e-03
1.899962638179868591e-03
1.899962590585661804e-03
1.899962542991456317e-03
1.899962495397251915e-03
1.899962447803048814e-03
1.899962400208846797e-03
1.899962352614646081e-03
1.899962305020446232e-03
1.899962257426247901e-03
1.899962209832050655e-03
1.899962162237854709e-03
1.899962114643659848e-03
1.899962067049466288e-03
1.899962019455273812e-03
1.899961971861082420e-03
1.899961924266892329e-03
1.899961876672703323e-03
1.899961829078515617e-03
1.899961781484328996e-03
1.899961733890143892e-03
1.899961686295959656e-03
1.899961638701776938e-03
1.899961591107595304e-03
1.899961543513414538e-03
1.899961495919235289e-03
1.899961448325057124e-03
1.899961400730880261e-03
1.899961353136704265e-03
1.899961305542530003e-03
1.899961257948356609e-03
1.899961210354184082e-03
1.899961162760013290e-03
1.899961115165843366e-03
1.899961067571674742e-03
1.899961019977507203e-03
1.899960972383341181e-03
1.899960924789176027e-03
1.899960877195011957e-03
1.899960829600849405e-03
1.899960782006687721e-03
1.899960734412527554e-03
1.899960686818368471e-03
1.899960639224210690e-03
1.899960591630053992e-03
1.899960544035898596e-03
1.899960496441744284e-03
1.899960448847591056e-03
1.899960401253439129e-03
1.899960353659288287e-03
1.899960306065138745e-03
1.899960258470990287e-03
1.899960210876843348e-03
1.899960163282697276e-03
1.899960115688552505e-03
1.899960068094408818e-03
1.899960020500266432e-03
1.899959972906125130e-03
1.899959925311985130e-03
1.899959877717846430e-03
1.899959830123708815e-03
1.899959782529572500e-03
1.899959734935437270e-03
1.899959687341303124e-03
1.899959639747170279e-03
1.899959592153038519e-03
1.899959544558908059e-03
1.899959496964778900e-03
1.899959449370650826e-03
1.899959401776524053e-03
1.899959354182398147e-03
1.899959306588273542e-03
1.899959258994150238e-03
1.899959211400028235e-03
1.899959163805907099e-03
1.899959116211787482e-03
1.899959068617668948e-03
1.899959021023551716e-03
1.899958973429435568e-03
1.899958925835320504e-03
1.899958878241206741e-03
1.899958830647094062e-03
1.899958783052982901e-03
1.899958735458872608e-03
1.899958687864763615e-03
1.899958640270655924e-03
1.899958592676549100e-03
1.899958545082443793e-03
1.899958497488339355e-03
1.899958449894236434e-03
1.899958402300134380e-03
1.899958354706033845e-03
1.899958307111934393e-03
1.899958259517836243e-03
1.899958211923739176e-03
1.899958164329643194e-03
1.899958116735548513e-03
1.899958069141454917e-03
1.899958021547362838e-03
1.899957973953271626e-03
1.899957926359181933e-03
1.899957878765093106e-03
1.899957831171005364e-03
1.899957783576919140e-03
1.899957735982833783e-03
1.899957688388749944e-03
1.899957640794667189e-03
1.899957593200585736e-03
1.899957545606505149e-03
1.899957498012425864e-03
1.899957450418347880e-03
1.899957402824270980e-03
1.899957355230195381e-03
1.899957307636120866e-03
1.899957260042047652e-03
1.899957212447975739e-03
1.899957164853904911e-03
1.899957117259835383e-03
1.899957069665766723e-03
1.899957022071699364e-03
1.899956974477633306e-03
1.899956926883568549e-03
1.899956879289504659e-03
1.899956831695442288e-03
1.899956784101381000e-03
1.899956736507320797e-03
1.899956688913261894e-03
1.899956641319203859e-03
1.899956593725147559e-03
1.899956546131092126e-03
1.899956498537037995e-03
1.899956450942984947e-03
1.899956403348933417e-03
1.899956355754882755e-03
1.899956308160833177e-03
1.899956260566785116e-03
1.899956212972737923e-03
1.899956165378692248e-03
1.899956117784647657e-03
1.899956070190604368e-03
1.899956022596562162e-03
1.899955975002520824e-03
1.899955927408481004e-03
1.899955879814442267e-03
1.899955832220404832e-03
1.899955784626368481e-03
1.899955737032333648e-03
1.899955689438299683e-03
1.899955641844267018e-03
1.899955594250235654e-03
1.899955546656205158e-03
1.899955499062176180e-03
1.899955451468148069e-03
1.899955403874121476e-03
1.899955356280095750e-03
1.899955308686071542e-03
1.899955261092048419e-03
1.899955213498026379e-03
1.899955165904005641e-03
1.899955118309985987e-03
1.899955070715967633e-03
1.899955023121950365e-03
1.899954975527934397e-03
1.899954927933919513e-03
1.899954880339905713e-03
1.899954832745893432e-03
1.899954785151882018e-03
1.899954737557872121e-03
1.899954689963863092e-03
1.899954642369855581e-03
1.899954594775848937e-03
1.899954547181843811e-03
1.899954499587839770e-03
1.899954451993836812e-03
1.899954404399835156e-03
1.899954356805834584e-03
1.899954309211835312e-03
1.899954261617837125e-03
1.899954214023840239e-03
1.899954166429844438e-03
1.899954118835849720e-03
1.899954071241856520e-03
1.899954023647864188e-03
1.899953976053873374e-03
1.899953928459883427e-03
1.899953880865894998e-03
1.899953833271907436e-03
1.899953785677921392e-03
1.899953738083936432e-03
1.899953690489952557e-03
1.899953642895969982e-03
1.899953595301988492e-03
1.899953547708008303e-03
1.899953500114029198e-03
1.899953452520051394e-03
1.899953404926074674e-03
1.899953357332099038e-03
1.899953309738124920e-03
1.899953262144151670e-03
1.899953214550179938e-03
1.899953166956209073e-03
1.899953119362239725e-03
1.899953071768271246e-03
1.899953024174304284e-03
1.899952976580338406e-03
1.899952928986373612e-03
1.899952881392410120e-03
1.899952833798447711e-03
1.899952786204486604e-03
1.899952738610526581e-03
1.899952691016567859e-03
1.899952643422610221e-03
1.899952595828653668e-03
1.899952548234698632e-03
1.899952500640744463e-03
1.899952453046791813e-03
