3.799999999999999992e-03
3.799990480971461929e-03
3.800010674202809833e-03
3.800100086880496553e-03
3.800298467878980048e-03
3.800645773085908289e-03
3.801182130296505961e-03
3.801947803711798468e-03
3.802983158075965743e-03
3.804328622488696056e-03
3.806024653928982010e-03
3.808111700527320488e-03
3.810630164623750576e-03
3.813620365649631003e-03
3.817122502871446790e-03
3.821176618035299934e-03
3.825822557951079426e-03
3.831099937055571728e-03
3.837048099994019162e-03
3.843706084259844447e-03
3.851112582932393613e-03
3.859305907552682685e-03
3.868323951177194634e-03
3.878204151649798301e-03
3.888983455131842307e-03
3.900698279930423212e-03
3.913384480664707475e-03
3.927077312810048002e-03
3.941811397659428749e-03
3.957620687741554913e-03
3.974538432734577020e-03
3.992597145914172745e-03
4.011828571174266139e-03
4.032263650658322700e-03
4.053932493038625226e-03
4.076864342480493973e-03
4.101087548327838651e-03
4.126629535545828752e-03
4.153516775955886677e-03
4.181774760297474365e-03
4.211427971150485776e-03
4.242499856751266556e-03
4.275012805734512006e-03
4.308988122832449648e-03
4.344446005561848796e-03
4.381405521928489685e-03
4.419884589177777538e-03
4.459899953619217254e-03
4.501467171551427025e-03
4.544600591313350917e-03
4.589313336486215873e-03
4.635617290269697030e-03
4.683523081054572976e-03
4.733040069213018987e-03
4.784176335126450255e-03
4.836938668469609355e-03
4.891332558768345801e-03
4.947362187247231029e-03
5.005030419981864979e-03
5.064338802369403383e-03
5.125287554929470503e-03
5.187875570446273329e-03
5.252100412461333315e-03
5.317958315124862202e-03
5.385444184412373908e-03
5.454551600711709733e-03
5.525272822784199622e-03
5.597598793102231962e-03
5.671519144564041159e-03
5.747022208585049474e-03
5.824095024563615518e-03
5.902723350717578588e-03
5.982891676286484009e-03
6.064583235092898400e-03
6.147780020454732784e-03
6.232462801439013489e-03
6.318611140446063652e-03
6.406203412111559359e-03
6.495216823512498482e-03
6.585627435661613703e-03
6.677410186273351721e-03
6.770538913783069601e-03
6.864986382599707129e-03
6.960724309570740301e-03
7.057723391636887972e-03
7.155953334652605594e-03
7.255382883347087641e-03
7.355979852399146396e-03
7.457711158598022416e-03
7.560542854060920033e-03
7.664440160476743667e-03
7.769367504344342444e-03
7.875288553172318101e-03
7.982166252606287191e-03
8.089962864448362739e-03
8.198640005532454797e-03
8.308158687418005714e-03
8.418479356863625002e-03
8.529561937041154479e-03
8.641365869449718629e-03
8.753850156488360984e-03
8.866973404644987872e-03
8.980693868258523768e-03
9.094969493810334260e-03
9.209757964700233598e-03
9.325016746461694747e-03
9.440703132370161649e-03
9.556774289397810054e-03
9.673187304467444070e-03
9.789899230957755868e-03
9.906867135411667746e-03
1.002404814439902987e-02
1.014139949148461749e-02
1.025887856425196885e-02
1.037644295133341443e-02
1.049405048939633552e-02
1.061165931003559861e-02
1.072922788652191407e-02
1.084671508035587456e-02
1.096408018757734880e-02
1.108128298478001060e-02
1.119828377478080533e-02
1.131504343189437996e-02
1.143152344676263629e-02
1.154768597068987421e-02
1.166349385943427769e-02
1.177891071640684711e-02
1.189390093522934948e-02
1.200842974160325725e-02
1.212246323444223645e-02
1.223596842622128728e-02
1.234891328249625164e-02
1.246126676054816473e-02
1.257299884710754226e-02
1.268408059511457256e-02
1.279448415947198429e-02
1.290418283174823814e-02
1.301315107378962083e-02
1.312136455020082061e-02
1.322880015965457838e-02
1.333543606499206294e-02
1.344125172207677812e-02
1.354622790736593509e-02
1.365034674416445992e-02
1.375359172752801430e-02
1.385594774778274411e-02
1.395740111263077399e-02
1.405793956781182380e-02
1.415755231629274059e-02
1.425623003595819817e-02
1.435396489577724088e-02
1.445075057042190247e-02
1.454658225331566072e-02
1.464145666809102408e-02
1.473537207843720644e-02
1.482832829632038489e-02
1.492032668856077028e-02
1.501137018175235233e-02
1.510146326551284335e-02
1.519061199405315546e-02
1.527882398605735596e-02
1.536610842286589146e-02
1.545247604495660933e-02
1.553793914671985216e-02
1.562251156952571343e-02
1.570620869308338510e-02
1.578904742509421033e-02
1.587104618920202881e-02
1.595222491124606221e-02
1.603260500382351975e-02
1.611220934917086817e-02
1.619106228037448664e-02
1.626918956092335625e-02
1.634661836261810594e-02
1.642337724185262068e-02
1.649949611428613502e-02
1.657500622792563300e-02
1.664994013463995393e-02
1.672433166012891881e-02
1.679821587237242259e-02
1.687162904858617932e-02
1.694460864071250725e-02
1.701719323947613674e-02
1.708942253703680733e-02
1.716133728827182528e-02
1.723297927072356059e-02
1.730439124324823982e-02
1.737561690340400089e-02
1.744670084361765738e-02
1.751768850617104953e-02
1.758862613704926733e-02
1.765956073869447140e-02
1.773054002171026156e-02
1.780161235556295199e-02
1.787282671832729486e-02
1.794423264552541530e-02
1.801588017810886594e-02
1.808781980963486066e-02
1.816010243268878152e-02
1.823277928460601341e-02
1.830590189254725081e-02
1.837952201798219096e-02
1.845369160063746461e-02
1.852846270196541537e-02
1.860388744819108098e-02
1.868001797299545519e-02
1.875690635989367416e-02
1.883460458436736831e-02
1.891316445581093728e-02
1.899263755935193254e-02
1.907307519760612080e-02
1.915452833242814457e-02
1.923704752671888743e-02
1.932068288635099829e-02
1.940548400227393167e-02
1.949149989286022566e-02
1.957877894655439890e-02
1.966736886488616720e-02
1.975731660590919481e-02
1.984866832812670276e-02
1.994146933496480922e-02
2.003576401985425817e-02
2.013159581198076947e-02
2.022900712276382365e-02
2.032803929312318111e-02
2.042873254159180418e-02
2.053112591333333681e-02
2.063525723012145374e-02
2.074116304133772140e-02
2.084887857604379030e-02
2.095843769618274330e-02
2.106987285096365362e-02
2.118321503248225129e-02
2.129849373262954898e-02
2.141573690133928218e-02
2.153497090622363830e-02
2.165622049364569063e-02
2.177950875127555863e-02
2.190485707217598721e-02
2.203228512046164628e-02
2.216181079857505731e-02
2.229345021622040554e-02
2.242721766099511210e-02
2.256312557075736830e-02
2.270118450776613395e-02
2.284140313462856495e-02
2.298378819208792348e-02
2.312834447868343871e-02
2.327507483231161522e-02
2.342398011371674138e-02
2.357505919193641705e-02
2.372830893172606440e-02
2.388372418298433109e-02
2.404129777219941519e-02
2.420102049593429380e-02
2.436288111636681145e-02
2.452686635889850600e-02
2.469296091184400299e-02
2.486114742821067536e-02
2.503140652957620838e-02
2.520371681206946823e-02
2.537805485445806045e-02
2.555439522834369176e-02
2.573271051046433638e-02
2.591297129710005281e-02
2.609514622057704236e-02
2.627920196786244847e-02
2.646510330124011989e-02
2.665281308105551042e-02
2.684229229051555282e-02
2.703350006252729434e-02
2.722639370855687441e-02
2.742092874948828807e-02
2.761705894845924505e-02
2.781473634564925537e-02
2.801391129499310184e-02
2.821453250279061867e-02
2.841654706818176959e-02
2.861990052545386812e-02
2.882453688814588799e-02
2.903039869491272351e-02
2.923742705711042389e-02
2.944556170806131301e-02
2.965474105395637591e-02
2.986490222634998262e-02
3.007598113620066002e-02
3.028791252940955109e-02
3.050063004380666049e-02
3.071406626753317437e-02
3.092815279876666434e-02
3.114282030673424378e-02
3.135799859395738132e-02
3.157361665967044900e-02
3.178960276435379567e-02
3.200588449532061619e-02
3.222238883329581194e-02
3.243904221992349041e-02
3.265577062613882892e-02
3.287249962133872300e-02
3.308915444328475175e-02
3.330566006867071577e-02
3.352194128428639258e-02
3.373792275870812762e-02
3.395352911444592808e-02
3.416868500047636620e-02
3.438331516508966873e-02
3.459734452897871709e-02
3.481069825849749527e-02
3.502330183901578020e-02
3.523508114829653620e-02
3.544596252982237100e-02
3.565587286599701533e-02
3.586473965114758689e-02
3.607249106425360757e-02
3.627905604132838219e-02
3.648436434737879069e-02
3.668834664786930350e-02
3.689093457961674372e-02
3.709206082104212626e-02
3.729165916170667366e-02
3.748966457105937927e-02
3.768601326632405740e-02
3.788064277945445146e-02
3.807349202308666497e-02
3.826450135541890202e-02
3.845361264394937112e-02
3.864076932800410147e-02
3.882591647998742679e-02
3.900900086528889810e-02
3.918997100078153162e-02
3.936877721184756096e-02
3.954537168786892432e-02
3.971970853612141750e-02
3.989174383401232482e-02
4.006143567960331747e-02
4.022874424036162327e-02
4.039363180008415793e-02
4.055606280394091767e-02
4.071600390158575111e-02
4.087342398828427981e-02
4.102829424401061714e-02
4.118058817046643671e-02
4.133028162597787020e-02
4.147735285822759521e-02
4.162178253478179824e-02
4.176355377137331432e-02
4.190265215790500708e-02
4.203906578213887496e-02
4.217278525103939496e-02
4.230380370974110016e-02
4.243211685811332234e-02
4.255772296489691853e-02
4.268062287939040217e-02
4.280082004066518286e-02
4.291832048429208846e-02
4.303313284656375831e-02
4.314526836620003608e-02
4.325474088352584956e-02
4.336156683711367421e-02
4.346576525788525824e-02
4.356735776066960469e-02
4.366636853321699541e-02
4.376282432267132594e-02
4.385675441950544207e-02
4.394819063892696498e-02
4.403716729976445143e-02
4.412372120084650379e-02
4.420789159488873465e-02
4.428972015990637751e-02
4.436925096817256886e-02
4.444653045274502695e-02
4.452160737158638443e-02
4.459453276930573640e-02
4.466535993655174758e-02
4.473414436708980646e-02
4.480094371259829567e-02
4.486581773522155953e-02
4.492882825791918305e-02
4.499003911265387484e-02
4.504951608646241140e-02
4.510732686545624454e-02
4.516354097680082280e-02
4.521822972872466262e-02
4.527146614861144586e-02
4.532332491923049544e-02
4.537388231316288878e-02
4.542321612548268911e-02
4.547140560475443349e-02
4.551853138241018781e-02
4.556467540057091564e-02
4.560992083837904498e-02
4.565435203691057403e-02
4.569805442273672247e-02
4.574111443020673767e-02
4.578361942252496403e-02
4.582565761169659496e-02
4.586731797741805394e-02
4.590869018498913018e-02
4.594986450232507041e-02
4.599093171614831999e-02
4.603198304744025166e-02
4.607311006623438648e-02
4.611440460583361017e-02
4.615595867653446427e-02
4.619786437894245201e-02
4.624021381696302030e-02
4.628309901055320530e-02
4.632661180831973424e-02
4.637084380004945217e-02
4.641588622925845592e-02
4.646182990584650507e-02
4.650876511894332099e-02
4.655678155003355190e-02
4.660596818644709149e-02
4.665641323530126533e-02
4.670820403798129489e-02
4.676142698524504010e-02
4.681616743303767397e-02
4.687250961910149200e-02
4.693053658046544840e-02
4.699033007189835215e-02
4.705197048540901705e-02
4.711553677087565450e-02
4.718110635788608231e-02
4.724875507886917153e-02
4.731855709359703704e-02
4.739058481513604842e-02
4.746490883732383537e-02
4.754159786384789393e-02
4.762071863900002588e-02
4.770233588017944171e-02
4.778651221221580370e-02
4.787330810358163963e-02
4.796278180456215595e-02
4.805498928744848797e-02
4.814998418881857173e-02
4.824781775396801142e-02
4.834853878355119955e-02
4.845219358249098357e-02
4.855882591121295222e-02
4.866847693925831914e-02
4.878118520132708469e-02
4.889698655580083930e-02
4.901591414579225398e-02
4.913799836276584038e-02
4.926326681277217595e-02
4.939174428533510408e-02
4.952345272502911566e-02
4.965841120578131512e-02
4.979663590792966776e-02
4.993814009806688686e-02
5.008293411169614795e-02
5.023102533872236125e-02
5.038241821179992308e-02
5.053711419755485545e-02
5.069511179069671747e-02
5.085640651103238291e-02
5.102099090339141940e-02
5.118885454046944589e-02
5.135998402859314610e-02
5.153436301640773598e-02
5.171197220648458132e-02
5.189278936984388635e-02
5.207678936338431402e-02
5.226394415020857442e-02
5.245422282283096482e-02
5.264759162925002761e-02
5.284401400186641840e-02
5.304345058922343981e-02
5.324585929054449773e-02
5.345119529303901662e-02
5.365941111194562352e-02
5.387045663327828804e-02
5.408427915923857965e-02
5.430082345625431017e-02
5.452003180560210938e-02
5.474184405656880303e-02
5.496619768210375678e-02
5.519302783691190650e-02
5.542226741793424005e-02
5.565384712716053839e-02
5.588769553671612406e-02
5.612373915616231113e-02
5.636190250194788448e-02
5.660210816894631347e-02
5.684427690401159389e-02
5.708832768148304482e-02
5.733417778056746489e-02
5.758174286452506785e-02
5.783093706158329989e-02
5.808167304750120469e-02
5.833386212970470552e-02
5.858741433291178580e-02
5.884223848616448871e-02
5.909824231118358112e-02
5.935533251195945770e-02
5.961341486549226465e-02
5.987239431359214770e-02
6.013217505564973087e-02
6.039266064228548947e-02
6.065375406978572997e-02
6.091535787523180701e-02
6.117737423222840282e-02
6.143970504713573005e-02
6.170225205570990801e-02
6.196491692005511726e-02
6.222760132579061715e-02
6.249020707933520408e-02
6.275263620521145946e-02
6.301479104327178948e-02
6.327657434574830708e-02
6.353788937402821135e-02
6.379863999505687444e-02
6.405873077727047837e-02
6.431806708596078670e-02
6.457655517797458722e-02
6.483410229565104987e-02
6.509061675990078510e-02
6.534600806233083203e-02
6.560018695632086061e-02
6.585306554695648240e-02
6.610455737972663337e-02
6.635457752789296337e-02
6.660304267844047166e-02
6.684987121651948805e-02
6.709498330829094526e-02
6.733830098208790083e-02
6.757974820780784930e-02
6.781925097445221096e-02
6.805673736573074339e-02
6.829213763365059309e-02
6.852538427001150789e-02
6.875641207573074398e-02
6.898515822792314345e-02
6.921156234466389889e-02
6.943556654736401934e-02
6.965711552069028811e-02
6.987615656996441771e-02
7.009263967597788303e-02
7.030651754716200907e-02
7.051774566905487374e-02
7.072628235100966720e-02
7.093208877009155033e-02
7.113512901211278827e-02
7.133537010975880832e-02
7.153278207776068987e-02
7.172733794507248073e-02
7.191901378401442668e-02
7.210778873634675346e-02
7.229364503624095828e-02
7.247656803011923166e-02
7.265654619333554443e-02
7.283357114367476626e-02
7.300763765165001196e-02
7.317874364758085448e-02
7.334689022543898484e-02
7.351208164345050811e-02
7.367432532144796431e-02
7.383363183496770288e-02
7.399001490609229126e-02
7.414349139104041420e-02
7.429408126451016170e-02
7.444180760078510095e-02
7.458669655161544176e-02
7.472877732089028280e-02
7.486808213612014540e-02
7.500464621675190235e-02
7.513850773934210858e-02
7.526970779961740521e-02
7.539829037145423518e-02
7.552430226281316161e-02
7.564779306866641073e-02
7.576881512096000915e-02
7.588742343565552106e-02
7.600367565689919447e-02
7.611763199836893423e-02
7.622935518185358639e-02
7.633891037312061367e-02
7.644636511513215604e-02
7.655178925867189843e-02
7.665525489044766605e-02
7.675683625873815086e-02
7.685660969665379649e-02
7.695465354308539396e-02
7.705104806141593876e-02
7.714587535607367319e-02
7.723921928700706874e-02
7.733116538216429359e-02
7.742180074806226386e-02
7.751121397853236172e-02
7.759949506173187406e-02
7.768673528551253704e-02
7.777302714123890404e-02
7.785846422615146090e-02
7.794314114437106422e-02
7.802715340664252708e-02
7.811059732891728613e-02
7.819356992987576416e-02
7.827616882749219296e-02
7.835849213474492536e-02
7.844063835457722178e-02
7.852270627421405191e-02
7.860479485894129870e-02
7.868700314545488961e-02
7.876943013488768575e-02
7.885217468562288889e-02
7.893533540600283782e-02
7.901901054704277283e-02
7.910329789525910593e-02
7.918829466572213649e-02
7.927409739544286071e-02
7.936080183720395365e-02
7.944850285394410017e-02
7.953729431380518466e-02
7.962726898595119673e-02
7.971851843726707187e-02
7.981113293004514497e-02
7.990520132076624205e-02
8.000081096008151982e-02
8.009804759409998309e-02
8.019699526708595760e-02
8.029773622566921398e-02
8.040035082466939764e-02
8.050491743463494831e-02
8.061151235119508318e-02
8.072020970632209913e-02
8.083108138159925127e-02
8.094419692358774399e-02
8.105962346138473329e-02
8.117742562646161619e-02
8.129766547487066175e-02
8.142040241190495742e-02
8.154569311929504849e-02
8.167359148502291444e-02
8.180414853583151125e-02
8.193741237250580511e-02
8.207342810799822530e-02
8.221223780846913243e-02
8.235388043730976215e-02
8.249839180221270329e-02
8.264580450535147227e-02
8.279614789672823383e-02
8.294944803074555395e-02
8.310572762605464292e-02
8.326500602872977108e-02
8.342729917881502866e-02
8.359261958028653405e-02
8.376097627446939253e-02
8.393237481694608426e-02
8.410681725798860309e-02
8.428430212654404452e-02
8.446482441779912254e-02
8.464837558434600007e-02
8.483494353096816820e-02
8.502451261306120944e-02
8.521706363869993583e-02
8.541257387435986781e-02
8.561101705429680075e-02
8.581236339358505605e-02
8.601657960481123855e-02
8.622362891841633958e-02
8.643347110667554123e-02
8.664606251130148318e-02
8.686135607465281239e-02
8.707930137452639385e-02
8.729984466250768904e-02
8.752292890585031127e-02
8.774849383285210358e-02
8.797647598169139327e-02
8.820680875268377408e-02
8.843942246391567341e-02
8.867424441020831105e-02
8.891119892536114566e-02
8.915020744762146288e-02
8.939118858832277581e-02
8.963405820363146148e-02
8.987872946933804508e-02
9.012511295862603300e-02
9.037311672274825347e-02
9.062264637453727734e-02
9.087360517467399368e-02
9.112589412063472338e-02
9.137941203823510272e-02
9.163405567568563836e-02
9.188971980007132334e-02
9.214629729616503895e-02
9.240367926748195571e-02
9.266175513947938480e-02
9.292041276480460243e-02
9.317953853049060209e-02
9.343901746699728728e-02
9.369873335899427114e-02
9.395856885777847944e-02
9.421840559521865721e-02
9.447812429911681131e-02
9.473760490987453986e-02
9.499672669835140804e-02
9.525536838480040680e-02
9.551340825876435126e-02
9.577072429981603463e-02
9.602719429902353832e-02
9.628269598102132121e-02
9.653710712656660142e-02
9.679030569545996054e-02
9.704216994970828181e-02
9.729257857680781441e-02
9.754141081302436511e-02
9.778854656654782651e-02
9.803386654039762671e-02
9.827725235495589351e-02
9.851858667000513992e-02
9.875775330614747216e-02
9.899463736548259896e-02
9.922912535142257295e-02
9.946110528752129254e-02
9.969046683519824925e-02
9.991710141023586733e-02
1.001409022979316971e-01
1.003617647667869595e-01
1.005795861806147162e-01
1.007942661089517578e-01
1.010057064356602308e-01
1.012138114656060683e-01
1.014184880293032553e-01
1.016196455854145725e-01
1.018171963210015019e-01
1.020110552494177814e-01
1.022011403057432599e-01
1.023873724396569540e-01
1.025696757056506619e-01
1.027479773504863803e-01
1.029222078978040689e-01
1.030923012297881719e-01
1.032581946658046035e-01
1.034198290379222673e-01
1.035771487632365651e-01
1.037301019129146379e-01
1.038786402778860557e-01
1.040227194311049985e-01
1.041622987863136535e-01
1.042973416532399916e-01
1.044278152891659484e-01
1.045536909468059855e-01
1.046749439184394836e-01
1.047915535762435901e-01
1.049035034087773960e-01
1.050107810535715613e-01
1.051133783257815202e-01
1.052112912428661007e-01
1.053045200452572827e-01
1.053930692129907282e-01
1.054769474782706884e-01
1.055561678339467790e-01
1.056307475378841093e-01
1.057007081132125825e-01
1.057660753444445850e-01
1.058268792694552901e-01
1.058831541673228432e-01
1.059349385420307321e-01
1.059822751020380455e-01
1.060252107357278900e-01
1.060637964827481072e-01
1.060980875012626501e-01
1.061281430311357410e-01
1.061540263530758310e-01
1.061758047437692531e-01
1.061935494270385694e-01
1.062073355210639836e-01
1.062172419817104391e-01
1.062233515420067526e-01
1.062257506478274521e-01
1.062245293898312487e-01
1.062197814317144273e-01
1.062116039348409563e-01
1.062000974793147617e-01
1.061853659815635287e-01
1.061675166085066790e-01
1.061466596883839514e-01
1.061229086183243242e-01
1.060963797687383692e-01
1.060671923846206455e-01
1.060354684838517997e-01
1.060013327525931026e-01
1.059649124378694990e-01
1.059263372374399381e-01
1.058857391870567516e-01
1.058432525452186745e-01
1.057990136755246752e-01
1.057531609267384348e-01
1.057058345106757086e-01
1.056571763780292800e-01
1.056073300922483887e-01
1.055564407015916473e-01
1.055046546094746684e-01
1.054521194432352788e-01
1.053989839214411472e-01
1.053453977198665070e-01
1.052915113362657556e-01
1.052374759540734700e-01
1.051834433051618833e-01
1.051295655317873168e-01
1.050759950478590832e-01
1.050228843996642986e-01
1.049703861261837706e-01
1.049186526191339397e-01
1.048678359828710688e-01
1.048180878942937266e-01
1.047695594628802324e-01
1.047224010909976882e-01
1.046767623346191167e-01
1.046327917645852729e-01
1.045906368285473009e-01
1.045504437137260156e-01
1.045123572106227972e-01
1.044765205778168532e-01
1.044430754079823526e-01
1.044121614952581711e-01
1.043839167041017285e-01
1.043584768397574775e-01
1.043359755204688044e-01
1.043165440515609887e-01
1.043003113015210093e-01
1.042874035801982652e-01
1.042779445192486554e-01
1.042720549549419617e-01
1.042698528134507197e-01
1.042714529987365801e-01
1.042769672831474204e-01
1.042865042008363635e-01
1.043001689441109270e-01
1.043180632628181170e-01
1.043402853668684016e-01
1.043669298319981203e-01
1.043980875088676846e-01
1.044338454355890344e-01
1.044742867537729603e-01
1.045194906281834701e-01
1.045695321700830099e-01
1.046244823643486949e-01
1.046844080004364352e-01
1.047493716072656345e-01
1.048194313920939175e-01
1.048946411834472542e-01
1.049750503781669009e-01
1.050607038926306691e-01
1.051516421182020766e-01
1.052479008809567018e-01
1.053495114057311083e-01
1.054565002845350707e-01
1.055688894493642116e-01
1.056866961494454249e-01
1.058099329329431071e-01
1.059386076331500642e-01
1.060727233591826357e-01
1.062122784911946338e-01
1.063572666801210209e-01
1.065076768519569034e-01
1.066634932165738681e-01
1.068246952810703726e-01
1.069912578676489034e-01
1.071631511360079947e-01
1.073403406102327318e-01
1.075227872101627569e-01
1.077104472872124630e-01
1.079032726646136364e-01
1.081012106820462143e-01
1.083042042446187292e-01
1.085121918761551979e-01
1.087251077767413671e-01
1.089428818844785651e-01
1.091654399413893861e-01
1.093927035634151279e-01
1.096245903144408146e-01
1.098610137842793988e-01
1.101018836705431464e-01
1.103471058643255981e-01
1.105965825396141577e-01
1.108502122463493333e-01
1.111078900070428532e-01
1.113695074168633559e-01
1.116349527470947844e-01
1.119041110518689125e-01
1.121768642780703457e-01
1.124530913783089725e-01
1.127326684268513540e-01
1.130154687383999462e-01
1.133013629896055391e-01
1.135902193431960056e-01
1.138819035746010400e-01
1.141762792009505950e-01
1.144732076123214787e-01
1.147725482051049489e-01
1.150741585173651188e-01
1.153778943660564160e-01
1.156836099859659683e-01
1.159911581702449124e-01
1.163003904123910692e-01
1.166111570495436123e-01
1.169233074069489231e-01
1.172366899434553605e-01
1.175511523978937795e-01
1.178665419361991651e-01
1.181827052991279853e-01
1.184994889504251969e-01
1.188167392252940796e-01
1.191343024790214866e-01
1.194520252356108814e-01
1.197697543362753053e-01
1.200873370876424789e-01
1.204046214095239042e-01
1.207214559821007116e-01
1.210376903923787995e-01
1.213531752797666896e-01
1.216677624806301455e-01
1.219813051716784058e-01
1.222936580120376898e-01
1.226046772838690901e-01
1.229142210313890482e-01
1.232221491981519423e-01
1.235283237624559272e-01
1.238326088707351058e-01
1.241348709688024771e-01
1.244349789308104165e-01
1.247328041857975744e-01
1.250282208416930163e-01
1.253211058066510952e-01
1.256113389075931286e-01
1.258988030058338925e-01
1.261833841096748621e-01
1.264649714838479433e-01
1.267434577556968978e-01
1.270187390179869646e-01
1.272907149282359873e-01
1.275592888044640716e-01
1.278243677172617998e-01
1.280858625780813831e-01
1.283436882236576315e-01
1.285977634964707572e-01
1.288480113211655231e-01
1.290943587768461354e-01
1.293367371651699405e-01
1.295750820741673193e-01
1.298093334377186658e-01
1.300394355906248911e-01
1.302653373192108055e-01
1.304869919074062856e-01
1.307043571782536551e-01
1.309173955307953163e-01
1.311260739722988344e-01
1.313303641457828908e-01
1.315302423528108000e-01
1.317256895715239462e-01
1.319166914698916560e-01
1.321032384141591909e-01
1.322853254724801475e-01
1.324629524137243275e-01
1.326361237014570815e-01
1.328048484830911535e-01
1.329691405742165211e-01
1.331290184381186958e-01
1.332845051605011932e-01
1.334356284194322395e-01
1.335824204505407786e-01
1.337249180074916444e-01
1.338631623177749808e-01
1.339971990338486574e-01
1.341270781796786715e-01
1.342528540927258041e-01
1.343745853614325136e-01
1.344923347582678008e-01
1.346061691683933803e-01
1.347161595140174695e-01
1.348223806745088849e-01
1.349249114023466090e-01
1.350238342349856790e-01
1.351192354027237752e-01
1.352112047326572142e-01
1.352998355488192750e-01
1.353852245685973066e-01
1.354674717955298702e-01
1.355466804085877219e-01
1.356229566480472715e-01
1.356964096980679824e-01
1.357671515660892614e-01
1.358352969591651582e-01
1.359009631573589727e-01
1.359642698843227249e-01
1.360253391751895247e-01
1.360842952419100971e-01
1.361412643361666897e-01
1.361963746100013084e-01
1.362497559742967268e-01
1.363015399552520435e-01
1.363518595489957852e-01
1.364008490744827162e-01
1.364486440248214583e-01
1.364953809171826349e-01
1.365411971414386971e-01
1.365862308076875031e-01
1.366306205928142781e-01
