1.899999999999999953e-02
1.899995240485730791e-02
1.900005337101404873e-02
1.900050043440248276e-02
1.900149233939489937e-02
1.900322886542954101e-02
1.900591065148252851e-02
1.900973901855899234e-02
1.901491579037982785e-02
1.902164311244347941e-02
1.903012326964491005e-02
1.904055850263660157e-02
1.905315082311875158e-02
1.906810182824815458e-02
1.908561251435723222e-02
1.910588309017649880e-02
1.912911278975539670e-02
1.915549968527785821e-02
1.918524049997009581e-02
1.921853042129922223e-02
1.925556291466196807e-02
1.929652953776341343e-02
1.934161975588597274e-02
1.939102075824898977e-02
1.944491727565920980e-02
1.950349139965211476e-02
1.956692240332353824e-02
1.963538656405023827e-02
1.970905698829714461e-02
1.978810343870777283e-02
1.987269216367288510e-02
1.996298572957086112e-02
2.005914285587133070e-02
2.016131825329161437e-02
2.026966246519312440e-02
2.038432171240247073e-02
2.050543774163919239e-02
2.063314767772914463e-02
2.076758387977943252e-02
2.090887380148737096e-02
2.105713985575242975e-02
2.121249928375633365e-02
2.137506402867256003e-02
2.154494061416224737e-02
2.172223002780924311e-02
2.190702760964244669e-02
2.209942294588888856e-02
2.229949976809608714e-02
2.250733585775713599e-02
2.272300295656675198e-02
2.294656668243107850e-02
2.317808645134848342e-02
2.341761540527286314e-02
2.366520034606509407e-02
2.392088167563224954e-02
2.418469334234804591e-02
2.445666279384172900e-02
2.473681093623615254e-02
2.502515209990932230e-02
2.532169401184701518e-02
2.562643777464735165e-02
2.593937785223136491e-02
2.626050206230666484e-02
2.658979157562431014e-02
2.692722092206186954e-02
2.727275800355854693e-02
2.762636411392099464e-02
2.798799396551115634e-02
2.835759572282020580e-02
2.873511104292524737e-02
2.912047512281807499e-02
2.951361675358788947e-02
2.991445838143241831e-02
3.032291617546449200e-02
3.073890010227366132e-02
3.116231400719506744e-02
3.159305570223031739e-02
3.203101706055779679e-02
3.247608411756248981e-02
3.292813717830806591e-02
3.338705093136675600e-02
3.385269456891534801e-02
3.432493191299853391e-02
3.480362154785369977e-02
3.528861695818443639e-02
3.577976667326302623e-02
3.627691441673543821e-02
3.677989926199572851e-02
3.728855579299011208e-02
3.780271427030459930e-02
3.832220080238371573e-02
3.884683752172170962e-02
3.937644276586158704e-02
3.991083126303143769e-02
4.044981432224181023e-02
4.099320002766226878e-02
4.154079343709003030e-02
4.209239678431812154e-02
4.264780968520576893e-02
4.320682934724859314e-02
4.376925078244180145e-02
4.433486702322493589e-02
4.490346934129262058e-02
4.547484746905167130e-02
4.604878982350116973e-02
4.662508373230846853e-02
4.720351566185080477e-02
4.778387144698904854e-02
4.836593652233721341e-02
4.894949615478877414e-02
4.953433567705833179e-02
5.012024072199514763e-02
5.070699745742308223e-02
5.129439282125983907e-02
5.188221475666706523e-02
5.247025244698167584e-02
5.305829655017799129e-02
5.364613943260956863e-02
5.423357540177936587e-02
5.482040093788673879e-02
5.540641492390004780e-02
5.599141887390402667e-02
5.657521715947189805e-02
5.715761723381317799e-02
5.773842985344936757e-02
5.831746929717138150e-02
5.889455358203422863e-02
5.946950467614674218e-02
6.004214870801628107e-02
6.061231617221118223e-02
6.117984213110642944e-02
6.174456641248125127e-02
6.230633380274082367e-02
6.286499423553770782e-02
6.342040297557285933e-02
6.397242079735991627e-02
6.452091415874118552e-02
6.506575536894809719e-02
6.560682275100410132e-02
6.614400079827288670e-02
6.667718032496031122e-02
6.720625861038388715e-02
6.773113953682967370e-02
6.825173372082229961e-02
6.876795863764006977e-02
6.927973873891371537e-02
6.978700556315386994e-02
7.028969783905911206e-02
7.078776158146370123e-02
7.128115017979098911e-02
7.176982447888620442e-02
7.225375285210951237e-02
7.273291126657829841e-02
7.320728334045512042e-02
7.367686039218603045e-02
7.414164148160191925e-02
7.460163344280384967e-02
7.505685090876175469e-02
7.550731632756421674e-02
7.595305997026577383e-02
7.639411993028677461e-02
7.683054211432945035e-02
7.726238022478304490e-02
7.768969573359925385e-02
7.811255784762856369e-02
7.853104346541692204e-02
7.894523712547105165e-02
7.935523094601014404e-02
7.976112455623030062e-02
8.016302501911759526e-02
8.056104674585433389e-02
8.095531140187242625e-02
8.134594780461677777e-02
8.173309181309053317e-02
8.211688620926309301e-02
8.249748057143066471e-02
8.287503113962815804e-02
8.324970067319976963e-02
8.362165830064459404e-02
8.399107936186210599e-02
8.435814524293089312e-02
8.472304320356252583e-02
8.508596619738068023e-02
8.544711268518402625e-02
8.580668644135912293e-02
8.616489635361780641e-02
8.652195621624120259e-02
8.687808451702000445e-02
8.723350421808828692e-02
8.758844253085523723e-02
8.794313068524634014e-02
8.829780369347235702e-02
8.865270010855130778e-02
8.900806177781475648e-02
8.936413359163647430e-02
8.972116322762707652e-02
9.007940089054432276e-02
9.043909904817430678e-02
9.080051216344391107e-02
9.116389642303006358e-02
9.152950946273624711e-02
9.189761008991094438e-02
9.226845800318732305e-02
9.264231350982707336e-02
9.301943724095540489e-02
9.340008986497727594e-02
9.378453179946837082e-02
9.417302292183683810e-02
9.456582227905467597e-02
9.496318779675964883e-02
9.536537598803060400e-02
9.577264166214070895e-02
9.618523763359443368e-02
9.660341443175497755e-02
9.702742001136965833e-02
9.745749946430111443e-02
9.789389473277199105e-02
9.833684432443082213e-02
9.878658302954596016e-02
9.924334164063350339e-02
9.970734667482404612e-02
1.001788200992712874e-01
1.006579790599038404e-01
1.011450356138191148e-01
1.016401964656158952e-01
1.021436627079590070e-01
1.026556295666666702e-01
1.031762861506072548e-01
1.037058152066886035e-01
1.042443928802189446e-01
1.047921884809137061e-01
1.053493642548182646e-01
1.059160751624112495e-01
1.064924686631477380e-01
1.070786845066964005e-01
1.076748545311181776e-01
1.082811024682284462e-01
1.088975437563777932e-01
1.095242853608799222e-01
1.101614256023082244e-01
1.108090539928752866e-01
1.114672510811020173e-01
1.121360883049755536e-01
1.128156278537868346e-01
1.135059225388306697e-01
1.142070156731428143e-01
1.149189409604396139e-01
1.156417223934171901e-01
1.163753741615580761e-01
1.171199005685836930e-01
1.178752959596820749e-01
1.186415446586303185e-01
1.194186209149216554e-01
1.202064888609970655e-01
1.210051024796714586e-01
1.218144055818340538e-01
1.226343317944925265e-01
1.234648045592200011e-01
1.243057371410533768e-01
1.251570326478810280e-01
1.260185840603473273e-01
1.268902742722902988e-01
1.277719761417184519e-01
1.286635525523216750e-01
1.295648564855002571e-01
1.304757311028852118e-01
1.313960098393122389e-01
1.323255165062005856e-01
1.332640654052775486e-01
1.342114614525777572e-01
1.351675003126364683e-01
1.361319685427843651e-01
1.371046437474414403e-01
1.380852947422962218e-01
1.390736817282462734e-01
1.400695564749654953e-01
1.410726625139530899e-01
1.420827353409088445e-01
1.430995026272693371e-01
1.441226844407294261e-01
1.451519934745636176e-01
1.461871352855521056e-01
1.472278085403065651e-01
1.482737052697818692e-01
1.493245111317499096e-01
1.503799056810032897e-01
1.514395626470477485e-01
1.525031502190332955e-01
1.535703313376658719e-01
1.546407639938333078e-01
1.557141015336712120e-01
1.567899929697869066e-01
1.578680832983522520e-01
1.589480138217689575e-01
1.600294224766030671e-01
1.611119441664790597e-01
1.621952110996174590e-01
1.632788531306941238e-01
1.643624981066936219e-01
1.654457722164237587e-01
1.665283003433535580e-01
1.676097064214319698e-01
1.686896137935406381e-01
1.697676455722296196e-01
1.708434250023818379e-01
1.719165758254483367e-01
1.729867226448935646e-01
1.740534912924874833e-01
1.751165091950789010e-01
1.761754057414826602e-01
1.772298126491118619e-01
1.782793643299850628e-01
1.793236982557379344e-01
1.803624553212680170e-01
1.813952802066419179e-01
1.824218217368939465e-01
1.834417332393465105e-01
1.844546728980837047e-01
1.854603041052106105e-01
1.864582958085333475e-01
1.874483228552968894e-01
1.884300663316202662e-01
1.894032138972722434e-01
1.903674601154333179e-01
1.913225067770945031e-01
1.922680632197468487e-01
1.932038466400204935e-01
1.941295823999371339e-01
1.950450043264444766e-01
1.959498550039076581e-01
1.968438860592377770e-01
1.977268584393446216e-01
1.985985426806070875e-01
1.994587191700616102e-01
2.003071783980165665e-01
2.011437212018080956e-01
2.019681590004207827e-01
2.027803140197045884e-01
2.035800195079287556e-01
2.043671199414213990e-01
2.051414712200530788e-01
2.059029408523321836e-01
2.066514081298893302e-01
2.073867642911379761e-01
2.081089126739089634e-01
2.088177688568665646e-01
2.095132607895250076e-01
2.101953289106943679e-01
2.108639262551969540e-01
2.115190185487054730e-01
2.121605842905665840e-01
2.127886148244845788e-01
2.134031143969520039e-01
2.140041002033259143e-01
2.145916024214604145e-01
2.151656642328187707e-01
2.157263418310001735e-01
2.162737044176292200e-01
2.168078341855683711e-01
2.173288262894262912e-01
2.178367888033480027e-01
2.183318426660849632e-01
2.188141216133566158e-01
2.192837720975271965e-01
2.197409531946347971e-01
2.201858364988222572e-01
2.206186060042324981e-01
2.210394579744436594e-01
2.214486007995318806e-01
2.218462548408628165e-01
2.222326522637251278e-01
2.226080368579319013e-01
2.229726638465286681e-01
2.233267996827587309e-01
2.236707218354490045e-01
2.240047185629914783e-01
2.243290886761077907e-01
2.246441412895958945e-01
2.249501955632693673e-01
2.252475804323120501e-01
2.255366343272812157e-01
2.258177048840041001e-01
2.260911486436232853e-01
2.263573307430572223e-01
2.266166245961524772e-01
2.268694115658144439e-01
2.271160806274134247e-01
2.273570280237721675e-01
2.275926569120509391e-01
2.278233770028545713e-01
2.280496041918952110e-01
2.282717601845528632e-01
2.284902721136835846e-01
2.287055721510336814e-01
2.289180971126248132e-01
2.291282880584829540e-01
2.293365898870902697e-01
2.295434509249456301e-01
2.297493225116253313e-01
2.299546585807415999e-01
2.301599152372012513e-01
2.303655503311719255e-01
2.305720230291680439e-01
2.307797933826722936e-01
2.309893218947122462e-01
2.312010690848150807e-01
2.314154950527660126e-01
2.316330590415986712e-01
2.318542190002472470e-01
2.320794311462922588e-01
2.323091495292325115e-01
2.325438255947165911e-01
2.327839077501677456e-01
2.330298409322354436e-01
2.332820661765063197e-01
2.335410201899064675e-01
2.338071349262251797e-01
2.340808371651883490e-01
2.343625480955074392e-01
2.346526829023272143e-01
2.349516503594917538e-01
2.352598524270450853e-01
2.355776838543782725e-01
2.359055317894303838e-01
2.362437753943458507e-01
2.365927854679851783e-01
2.369529240756802213e-01
2.373245441866191630e-01
2.377079893192394489e-01
2.381035931950001017e-01
2.385116794008972085e-01
2.389325610610790185e-01
2.393665405179081773e-01
2.398139090228107728e-01
2.402749464372424260e-01
2.407499209440928378e-01
2.412390887698400432e-01
2.417426939177559908e-01
2.422609679124549109e-01
2.427941295560647472e-01
2.433423846962915749e-01
2.439059260066354096e-01
2.444849327790041826e-01
2.450795707289612491e-01
2.456899918138291949e-01
2.463163340638608589e-01
2.469587214266754926e-01
2.476172636251455783e-01
2.482920560289065548e-01
2.489831795396483249e-01
2.496907004903344274e-01
2.504146705584807120e-01
2.511551266936117854e-01
2.519120910589995876e-01
2.526855709877742773e-01
2.534755589534835596e-01
2.542820325551619076e-01
2.551049545169570831e-01
2.559442727023472086e-01
2.567999201429657097e-01
2.576718150820386799e-01
2.585598610324228996e-01
2.594639468492194179e-01
2.603839468169215632e-01
2.613197207510428721e-01
2.622711141141548241e-01
2.632379581462501172e-01
2.642200700093320642e-01
2.652172529461171990e-01
2.662292964527224748e-01
2.672559764651950553e-01
2.682970555597281037e-01
2.693522831663914263e-01
2.704213957961928982e-01
2.715041172812715509e-01
2.726001590280105469e-01
2.737092202828440013e-01
2.748309884105187839e-01
2.759651391845595048e-01
2.771113370896711725e-01
2.782692356358026919e-01
2.794384776835805995e-01
2.806186957808115556e-01
2.818095125097394016e-01
2.830105408447315396e-01
2.842213845200579625e-01
2.854416384074152102e-01
2.866708889028373175e-01
2.879087143226253254e-01
2.891546853079164925e-01
2.904083652375060165e-01
2.916693106485235276e-01
2.929370716645589012e-01
2.942111924308224435e-01
2.954912115559178987e-01
2.967766625597972885e-01
2.980670743274613232e-01
2.993619715679607385e-01
3.006608752782486405e-01
3.019633032114274473e-01
3.032687703489286291e-01
3.045767893761590073e-01
3.058868711611419933e-01
3.071985252356786433e-01
3.085112602785495262e-01
3.098245846002755655e-01
3.111380066289530788e-01
3.124510353966760134e-01
3.137631810260572696e-01
3.150739552163589474e-01
3.163828717287415215e-01
3.176894468701410568e-01
3.189931999752843583e-01
3.202936538863523919e-01
3.215903354298039196e-01
3.228827758898729083e-01
3.241705114782552632e-01
3.254530837995039394e-01
3.267300403116541463e-01
3.280009347816043030e-01
3.292653277347823981e-01
3.305227868986331252e-01
3.317728876394648307e-01
3.330152133922023583e-01
3.342493560825974264e-01
3.354749165414547263e-01
3.366915049104394764e-01
3.378987410390392188e-01
3.390962548722610270e-01
3.402836868286537308e-01
3.414606881682529793e-01
3.426269213500575117e-01
3.437820603786537199e-01
3.449257911396156895e-01
3.460578117233195083e-01
3.471778327368200689e-01
3.482855776034514128e-01
3.493807828498220469e-01
3.504631983798894290e-01
3.515325877358100315e-01
3.525887283452743270e-01
3.536314117550483083e-01
3.546604438504577517e-01
3.556756450605639275e-01
3.566768505487940000e-01
3.576639103888034632e-01
3.586366897253623898e-01
3.595950689200721473e-01
3.605389436817337812e-01
3.614682251812047498e-01
3.623828401505961305e-01
3.632827309666776805e-01
3.641678557183738452e-01
3.650381882582500737e-01
3.658937182379042863e-01
3.667344511271948826e-01
3.675604082172525544e-01
3.683716266072398215e-01
3.691681591748384728e-01
3.699500745304614147e-01
3.707174569552020293e-01
3.714704063225507946e-01
3.722090380039255186e-01
3.729334827580771949e-01
3.736438866044514140e-01
3.743404106806006992e-01
3.750232310837595118e-01
3.756925386967105429e-01
3.763485389980870122e-01
3.769914518572711204e-01
3.776215113140657942e-01
3.782389653433320120e-01
3.788440756047999902e-01
3.794371171782776053e-01
3.800183782844959168e-01
3.805881599918446434e-01
3.811467759092679319e-01
3.816945518656030267e-01
3.822318255756607663e-01
3.827589462933594366e-01
3.832762744522383302e-01
3.837841812936907404e-01
3.842830484832689408e-01
3.847732677154269698e-01
3.852552403070796938e-01
3.857293767803683382e-01
3.861960964350353298e-01
3.866558269108214541e-01
3.871090037403113193e-01
3.875560698926617809e-01
3.879974753086593564e-01
3.884336764275626575e-01
3.888651357061944647e-01
3.892923211307572906e-01
3.897157057218552656e-01
3.901357670332126215e-01
3.905529866445863751e-01
3.909678496493788069e-01
3.913808441374609370e-01
3.917924606737245852e-01
3.922031917728860950e-01
3.926135313710702457e-01
3.930239742947064796e-01
3.934350157272744064e-01
3.938471506744383732e-01
3.942608734281143890e-01
3.946766770300141336e-01
3.950950527352138364e-01
3.955164894762955297e-01
3.959414733286106269e-01
3.963704869772142758e-01
3.968040091860197682e-01
3.972425142697204592e-01
3.976864715690258678e-01
3.981363449297559698e-01
3.985925921863353594e-01
3.990556646502256832e-01
3.995260066038311964e-01
4.000040548004075713e-01
4.004902379704998738e-01
4.009849763354297325e-01
4.014886811283460144e-01
4.020017541233469882e-01
4.025245871731747416e-01
4.030575617559754020e-01
4.036010485316104957e-01
4.041554069079962286e-01
4.047209846179387061e-01
4.052981173069236109e-01
4.058871281323080393e-01
4.064883273743532532e-01
4.071020120595247316e-01
4.077284655964752424e-01
4.083679574251145583e-01
4.090207426791575562e-01
4.096870618625290117e-01
4.103671405399911265e-01
4.110611890423456205e-01
4.117694021865487830e-01
4.124919590110635026e-01
4.132290225267573058e-01
4.139807394836411136e-01
4.147472401537277142e-01
4.155286381302731868e-01
4.163250301436487999e-01
4.171364958940751433e-01
4.179630979014326564e-01
4.188048813723469488e-01
4.196618740847303797e-01
4.205340862899429877e-01
4.214215106327202087e-01
4.223241220889955572e-01
4.232418779217299587e-01
4.241747176548408271e-01
4.251225630653059917e-01
4.260853181934996514e-01
4.270628693717993252e-01
4.280550852714839483e-01
4.290618169679252247e-01
4.300828980240561927e-01
4.311181445920816979e-01
4.321673555333777061e-01
4.332303125565074020e-01
4.343067803732640342e-01
4.353965068726319276e-01
4.364992233125384313e-01
4.376146445292515286e-01
4.387424691642604624e-01
4.398823799084569663e-01
4.410340437634188149e-01
4.421971123195783671e-01
4.433712220510415136e-01
4.445559946268056728e-01
4.457510372381072727e-01
4.469559429416138374e-01
4.481702910181572519e-01
4.493936473466901838e-01
4.506255647931301511e-01
4.518655836137412396e-01
4.531132318726863728e-01
4.543680258733699406e-01
4.556294706031736030e-01
4.568970601911754859e-01
4.581702783784281641e-01
4.594485990003565612e-01
4.607314864808251809e-01
4.620183963374097647e-01
4.633087756973968685e-01
4.646020638240229705e-01
4.658976926524529549e-01
4.671950873349864364e-01
4.684936667949713418e-01
4.697928442888923417e-01
4.710920279760932861e-01
4.723906214955840288e-01
4.736880245493726438e-01
4.749836334917569847e-01
4.762768419240019924e-01
4.775670412938217146e-01
4.788536214990801176e-01
4.801359714951176638e-01
4.814134799051065783e-01
4.826855356328330071e-01
4.839515284772997750e-01
4.852108497485413952e-01
4.864628928840390443e-01
4.877070540651217700e-01
4.889427328327390909e-01
4.901693327019880919e-01
4.913862617747794537e-01
4.925929333500256857e-01
4.937887665307373330e-01
4.949731868274129809e-01
4.961456267571128231e-01
4.973055264376064488e-01
4.984523341759912185e-01
4.995855070511793228e-01
5.007045114896584437e-01
5.018088238339347695e-01
5.028979309030735534e-01
5.039713305447587333e-01
5.050285321783011261e-01
5.060690573280303139e-01
5.070924401465162212e-01
5.080982279270728208e-01
5.090859816050075093e-01
5.100552762470889068e-01
5.110057015287162718e-01
5.119368621982847145e-01
5.128483785282532681e-01
5.137398867524318735e-01
5.146110394890203166e-01
5.154615061489408179e-01
5.162909733290229619e-01
5.170991451896113089e-01
5.178857438161827975e-01
5.186505095645731478e-01
5.193932013894302369e-01
5.201135971555249649e-01
5.208114939315682257e-01
5.214867082661999165e-01
5.221390764458296863e-01
5.227684547340298860e-01
5.233747195921973905e-01
5.239577678812179506e-01
5.245175170438869383e-01
5.250539052678577789e-01
5.255668916289075732e-01
5.260564562143305034e-01
5.265226002262863858e-01
5.269653460649535992e-01
5.273847373913533865e-01
5.277808391697338397e-01
5.281537376894205327e-01
5.285035405660628571e-01
5.288303767222228835e-01
5.291343963472764367e-01
5.294157708366141746e-01
5.296746927101536606e-01
5.299113755101901857e-01
5.301260536786394084e-01
5.303189824137405362e-01
5.304904375063131949e-01
5.306407151556786772e-01
5.307701317653791273e-01
5.308790237188462102e-01
5.309677471351927913e-01
5.310366776053199178e-01
5.310862099085521537e-01
5.311167577100337489e-01
5.311287532391372190e-01
5.311226469491562296e-01
5.310989071585721089e-01
5.310580196742047399e-01
5.310004873965737948e-01
5.309268299078175879e-01
5.308375830425333675e-01
5.307332984419197430e-01
5.306145430916215933e-01
5.304818988436917904e-01
5.303359619231031719e-01
5.301773424192589568e-01
5.300066637629654576e-01
5.298245621893474810e-01
5.296316861871996906e-01
5.294286959352837441e-01
5.292162627260933450e-01
5.289950683776233342e-01
5.287658046336921602e-01
5.285291725533785012e-01
5.282858818901463582e-01
5.280366504612419298e-01
5.277822035079582363e-01
5.275232730473733422e-01
5.272605972161763521e-01
5.269949196072056807e-01
5.267269885993325351e-01
5.264575566813287644e-01
5.261873797703673361e-01
5.259172165258093612e-01
5.256478276589365839e-01
5.253799752392953604e-01
5.251144219983214789e-01
5.248519306309188392e-01
5.245932630956696707e-01
5.243391799143553023e-01
5.240904394714686054e-01
5.238477973144011202e-01
5.236120054549884273e-01
5.233838116730955559e-01
5.231639588229263227e-01
5.229531841427365046e-01
5.227522185686300782e-01
5.225617860531139858e-01
5.223826028890842244e-01
5.222153770399117212e-01
5.220608074762908002e-01
5.219195835205086009e-01
5.217923841987873734e-01
5.216798776023440221e-01
5.215827202578049437e-01
5.215015565076049908e-01
5.214370179009912842e-01
5.213897225962432769e-01
5.213602747747098087e-01
5.213492640672535705e-01
5.213572649936828451e-01
5.213848364157370741e-01
5.214325210041818037e-01
5.215008447205545794e-01
5.215903163140905852e-01
5.217014268343419525e-01
5.218346491599905601e-01
5.219904375443383815e-01
5.221692271779451167e-01
5.223714337688647458e-01
5.225974531409173229e-01
5.228476608504150080e-01
5.231224118217434604e-01
5.234220400021821762e-01
5.237468580363281445e-01
5.240971569604695457e-01
5.244732059172362293e-01
5.248752518908345044e-01
5.253035194631533455e-01
5.257582105910103554e-01
5.262395044047835091e-01
5.267475570286554998e-01
5.272825014226752982e-01
5.278444472468210025e-01
5.284334807472270690e-01
5.290496646647154799e-01
5.296930381657503073e-01
5.303636167959131509e-01
5.310613924559731691e-01
5.317863334006051046e-01
5.325383842597845030e-01
5.333174660828693403e-01
5.341234764053518491e-01
5.349562893382444617e-01
5.358157556800399179e-01
5.367017030511636033e-01
5.376139360508137566e-01
5.385522364360623149e-01
5.395163633230681821e-01
5.405060534102310577e-01
5.415210212230936460e-01
5.425609593807759756e-01
5.436255388837067937e-01
5.447144094223927979e-01
5.458271997069469306e-01
5.469635178170756395e-01
5.481229515722040313e-01
5.493050689213969662e-01
5.505094183527157181e-01
5.517355293216279488e-01
5.529829126980707610e-01
5.542510612317466112e-01
5.555394500352142106e-01
5.568475370843167793e-01
5.581747637354739222e-01
5.595205552593445208e-01
5.608843213903517144e-01
5.622654568915448348e-01
5.636633421342567285e-01
5.650773436919996895e-01
5.665068149480276816e-01
5.679510967159799861e-01
5.694095178730051998e-01
5.708813960047529612e-01
5.723660380616073518e-01
5.738627410255247030e-01
5.753707925868255524e-01
5.768894718302820523e-01
5.784180499298298139e-01
5.799557908512245064e-01
5.815019520619553184e-01
5.830557852477180614e-01
5.846165370347445878e-01
5.861834497172767611e-01
5.877557619894688834e-01
5.893327096809958254e-01
5.909135264956398848e-01
5.924974447521259568e-01
5.940836961264703842e-01
5.956715123951074053e-01
5.972601261780543513e-01
5.988487716813765127e-01
6.004366854382123808e-01
6.020231070476195212e-01
6.036072799105035580e-01
6.051884519618939695e-01
6.067658763988333925e-01
6.083388124031506861e-01
6.099065258583920013e-01
6.114682900601884352e-01
6.130233864193453952e-01
6.145711051569452410e-01
6.161107459907596562e-01
6.176416188122796358e-01
6.191630443536755291e-01
6.206743548440123437e-01
6.221748946540520686e-01
6.236640209289878722e-01
6.251411042084650260e-01
6.266055290332555039e-01
6.280566945379656429e-01
6.294940150291694625e-01
6.309169205483743381e-01
6.323248574192397164e-01
6.337172887784844333e-01
6.350936950899347400e-01
6.364535746411799089e-01
6.377964440223202747e-01
6.391218385863089990e-01
6.404293128904068322e-01
6.417184411182881298e-01
6.429888174823538138e-01
6.442400566058276157e-01
6.454717938842305935e-01
6.466836858258496745e-01
6.478754103708365131e-01
6.490466671885932737e-01
6.501971779531243723e-01
6.513266865960539720e-01
6.524349595370313448e-01
6.535217858912683031e-01
6.545869776539765539e-01
6.556303698614941444e-01
6.566518207289143705e-01
6.576512117640539445e-01
6.586284478576196477e-01
6.595834573494582243e-01
6.605161920707959267e-01
6.614266273624007653e-01
6.623147620686216097e-01
6.631806185072853799e-01
6.640242424154557677e-01
6.648457028710825778e-01
6.656450921905934237e-01
6.664225258025059384e-01
6.671781420971611976e-01
6.679121022527038098e-01
6.686245900374582218e-01
6.693158115888748760e-01
6.699859951692432869e-01
6.706353908983933021e-01
6.712642704636290203e-01
6.718729268071624849e-01
6.724616737913390319e-01
6.730308458419668183e-01
6.735807975700872641e-01
6.741119033725443410e-01
6.746245570117329615e-01
6.751191711749283675e-01
6.755961770136188482e-01
6.760560236632860986e-01
6.764991777440962917e-01
6.769261228429864774e-01
6.773373589776493509e-01
6.777334020429386374e-01
6.781147832402363296e-01
6.784820484903398841e-01
6.788357578304462514e-01
6.791764847958258189e-01
6.795048157867948913e-01
6.798213494216135411e-01
6.801266958759475401e-01
6.804214762095504021e-01
6.807063216808334483e-01
6.809818730500064587e-01
6.812487798714835785e-01
6.815076997762601341e-01
6.817592977449788982e-01
6.820042453724135534e-01
6.822432201241072081e-01
6.824769045859131467e-01
6.827059857071934301e-01
6.829311540384375157e-01
6.831531029640713903e-01
